Airfoil type: NACA-0009
Lift coefficients from experiment (SAND80-2114)
132
-175.24	-0.00327
-175.05	0.18741
-170.12	0.59431
-165.79	0.81475
-163.92	0.73852
-161.02	0.68350
-156.06	0.67515
-151.51	0.74305
-146.14	0.86606
-141.18	0.95516
-136.63	0.98493
-131.87	0.97233
-127.11	0.92159
-122.35	0.85391
-117.37	0.76928
-111.78	0.65500
-107.01	0.52800
-102.24	0.40099
-97.88	0.26550
-92.29	0.10885
-87.51	-0.03510
-82.54	-0.19600
-77.56	-0.34419
-72.79	-0.48815
-67.81	-0.62786
-63.25	-0.77182
-58.06	-0.90305
-54.13	-0.99194
-48.53	-1.07656
-44.18	-1.11035
-40.25	-1.11026
-37.36	-1.09748
-32.81	-1.05924
-29.30	-1.00407
-27.85	-0.94472
-24.38	-0.80481
-23.42	-0.78384
-21.54	-0.75847
-20.40	-0.70304
-19.52	-0.73310
-18.49	-0.69224
-17.79	-0.70406
-16.45	-0.68874
-15.55	-0.71881
-15.45	-0.69084
-14.53	-0.74075
-14.43	-0.70631
-13.52	-0.76999
-13.36	-0.71530
-12.51	-0.75910
-12.51	-0.80287
-11.57	-0.82116
-11.40	-0.79037
-10.49	-0.84311
-10.40	-0.80948
-9.73	-0.83588
-9.31	-0.79214
-8.32	-0.75212
-7.53	-0.73519
-6.36	-0.62711
-5.55	-0.58102
-4.47	-0.46240
-3.55	-0.41348
-2.37	-0.28232
-1.56	-0.21193
-0.36	-0.02811
0.36	0.02811
1.56	0.21193
2.37	0.28232
3.55	0.41348
4.47	0.46240
5.55	0.58102
6.36	0.62711
7.53	0.73519
8.32	0.75212
9.31	0.79214
9.73	0.83588
10.40	0.80948
10.49	0.84311
11.40	0.79037
11.57	0.82116
12.51	0.80287
12.51	0.75910
13.36	0.71530
13.52	0.76999
14.43	0.70631
14.53	0.74075
15.45	0.69084
15.55	0.71881
16.45	0.68874
17.79	0.70406
18.49	0.69224
19.52	0.73310
20.40	0.70304
21.54	0.75847
23.42	0.78384
24.38	0.80481
27.85	0.94472
29.30	1.00407
32.81	1.05924
37.36	1.09748
40.25	1.11026
44.18	1.11035
48.53	1.07656
54.13	0.99194
58.06	0.90305
63.25	0.77182
67.81	0.62786
72.79	0.48815
77.56	0.34419
82.54	0.19600
87.51	0.03510
92.29	-0.10885
97.88	-0.26550
102.24	-0.40099
107.01	-0.52800
111.78	-0.65500
117.37	-0.76928
122.35	-0.85391
127.11	-0.92159
131.87	-0.97233
136.63	-0.98493
141.18	-0.95516
146.14	-0.86606
151.51	-0.74305
156.06	-0.67515
161.02	-0.68350
163.92	-0.73852
165.79	-0.81475
170.12	-0.59431
175.05	-0.18741
175.24	0.00327
