variables=k, zz, dz, ratio, zw
    0.65000000000000E+02    0.10000000000000E+01    0.89374751795483E-02    0.61730958080138-310    0.10178749503591E+01
    0.64000000000000E+02    0.99106252482045E+00    0.89374751795482E-02    0.10000000000000E+01    0.10000000000000E+01
    0.63000000000000E+02    0.97318757446136E+00    0.17874950359097E-01    0.50000000000000E+00    0.98212504964090E+00
    0.62000000000000E+02    0.95542221277214E+00    0.17765361689212E-01    0.10061686709115E+01    0.96430489361675E+00
    0.61000000000000E+02    0.93776576788093E+00    0.17656444891210E-01    0.10061686709115E+01    0.94659399032654E+00
    0.60000000000000E+02    0.92021757203499E+00    0.17548195845945E-01    0.10061686709115E+01    0.92899166995796E+00
    0.59000000000000E+02    0.90277696157546E+00    0.17440610459524E-01    0.10061686709115E+01    0.91149726680523E+00
    0.58000000000000E+02    0.88544327691231E+00    0.17333684663153E-01    0.10061686709115E+01    0.89411011924389E+00
    0.57000000000000E+02    0.86821586249933E+00    0.17227414412983E-01    0.10061686709115E+01    0.87682956970582E+00
    0.56000000000000E+02    0.85109406680937E+00    0.17121795689957E-01    0.10061686709115E+01    0.85965496465435E+00
    0.55000000000000E+02    0.83407724230971E+00    0.17016824499659E-01    0.10061686709115E+01    0.84258565455954E+00
    0.54000000000000E+02    0.81716474543755E+00    0.16912496872163E-01    0.10061686709115E+01    0.82562099387363E+00
    0.53000000000000E+02    0.80035593657567E+00    0.16808808861879E-01    0.10061686709115E+01    0.80876034100661E+00
    0.52000000000000E+02    0.78365018002826E+00    0.16705756547410E-01    0.10061686709115E+01    0.79200305830197E+00
    0.51000000000000E+02    0.76704684399686E+00    0.16603336031398E-01    0.10061686709115E+01    0.77534851201256E+00
    0.50000000000000E+02    0.75054530055648E+00    0.16501543440382E-01    0.10061686709115E+01    0.75879607227667E+00
    0.49000000000000E+02    0.73414492563183E+00    0.16400374924647E-01    0.10061686709115E+01    0.74234511309416E+00
    0.48000000000000E+02    0.71784509897376E+00    0.16299826658078E-01    0.10061686709115E+01    0.72599501230279E+00
    0.47000000000000E+02    0.70164520413573E+00    0.16199894838021E-01    0.10061686709115E+01    0.70974515155474E+00
    0.46000000000000E+02    0.68554462845060E+00    0.16100575685133E-01    0.10061686709115E+01    0.69359491629317E+00
    0.45000000000000E+02    0.66954276300736E+00    0.16001865443243E-01    0.10061686709115E+01    0.67754369572898E+00
    0.44000000000000E+02    0.65363900262815E+00    0.15903760379208E-01    0.10061686709115E+01    0.66159088281775E+00
    0.43000000000000E+02    0.63783274584538E+00    0.15806256782772E-01    0.10061686709115E+01    0.64573587423676E+00
    0.42000000000000E+02    0.62212339487895E+00    0.15709350966426E-01    0.10061686709115E+01    0.62997807036217E+00
    0.41000000000000E+02    0.60651035561368E+00    0.15613039265270E-01    0.10061686709115E+01    0.61431687524632E+00
    0.40000000000000E+02    0.59099303757681E+00    0.15517318036871E-01    0.10061686709115E+01    0.59875169659525E+00
    0.39000000000000E+02    0.57557085391568E+00    0.15422183661128E-01    0.10061686709115E+01    0.58328194574625E+00
    0.38000000000000E+02    0.56024322137555E+00    0.15327632540135E-01    0.10061686709115E+01    0.56790703764562E+00
    0.37000000000000E+02    0.54500956027750E+00    0.15233661098044E-01    0.10061686709115E+01    0.55262639082653E+00
    0.36000000000000E+02    0.52986929449658E+00    0.15140265780928E-01    0.10061686709115E+01    0.53743942738704E+00
    0.35000000000000E+02    0.51482185143993E+00    0.15047443056651E-01    0.10061686709115E+01    0.52234557296825E+00
    0.34000000000000E+02    0.49986666202519E+00    0.14955189414732E-01    0.10061686709115E+01    0.50734425673256E+00
    0.33000000000000E+02    0.48500316065898E+00    0.14863501366211E-01    0.10061686709115E+01    0.49243491134209E+00
    0.32000000000000E+02    0.47023078521546E+00    0.14772375443518E-01    0.10061686709115E+01    0.47761697293722E+00
    0.31000000000000E+02    0.45554897701512E+00    0.14681808200344E-01    0.10061686709115E+01    0.46288988111529E+00
    0.30000000000000E+02    0.44095718080361E+00    0.14591796211507E-01    0.10061686709115E+01    0.44825307890937E+00
    0.29000000000000E+02    0.42626164476454E+00    0.14695536039068E-01    0.99294072517771E+00    0.43360941278408E+00
    0.28000000000000E+02    0.41154109157665E+00    0.14720553187896E-01    0.99830052930021E+00    0.41890136817060E+00
    0.27000000000000E+02    0.39679547865164E+00    0.14745612925012E-01    0.99830052930022E+00    0.40416828511414E+00
    0.26000000000000E+02    0.38202476332872E+00    0.14770715322918E-01    0.99830052930020E+00    0.38941012099018E+00
    0.25000000000000E+02    0.36722890287448E+00    0.14795860454238E-01    0.99830052930022E+00    0.37462683310160E+00
    0.24000000000000E+02    0.35240785448276E+00    0.14821048391720E-01    0.99830052930021E+00    0.35981837867862E+00
    0.23000000000000E+02    0.33756157527452E+00    0.14846279208236E-01    0.99830052930021E+00    0.34498471487864E+00
    0.22000000000000E+02    0.32269002229774E+00    0.14871552976780E-01    0.99830052930021E+00    0.33012579878613E+00
    0.21000000000000E+02    0.30779315252727E+00    0.14896869770473E-01    0.99830052930021E+00    0.31524158741251E+00
    0.20000000000000E+02    0.29287092286471E+00    0.14922229662561E-01    0.99830052930021E+00    0.30033203769599E+00
    0.19000000000000E+02    0.27792329013830E+00    0.14947632726410E-01    0.99830052930021E+00    0.28539710650150E+00
    0.18000000000000E+02    0.26295021110278E+00    0.14973079035517E-01    0.99830052930022E+00    0.27043675062054E+00
    0.17000000000000E+02    0.24795164243928E+00    0.14998568663499E-01    0.99830052930021E+00    0.25545092677103E+00
    0.16000000000000E+02    0.23292754075518E+00    0.15024101684102E-01    0.99830052930021E+00    0.24043959159723E+00
    0.15000000000000E+02    0.21787786258399E+00    0.15049678171195E-01    0.99830052930021E+00    0.22540270166958E+00
    0.14000000000000E+02    0.20280256438521E+00    0.15075298198774E-01    0.99830052930021E+00    0.21034021348460E+00
    0.13000000000000E+02    0.18770160254425E+00    0.15100961840962E-01    0.99830052930021E+00    0.19525208346473E+00
    0.12000000000000E+02    0.17257493337225E+00    0.15126669172005E-01    0.99830052930021E+00    0.18013826795825E+00
    0.11000000000000E+02    0.15742251310597E+00    0.15152420266278E-01    0.99830052930021E+00    0.16499872323911E+00
    0.10000000000000E+02    0.14224429790768E+00    0.15178215198283E-01    0.99830052930021E+00    0.14983340550683E+00
    0.90000000000000E+01    0.12704024386504E+00    0.15204054042646E-01    0.99830052930021E+00    0.13464227088636E+00
    0.80000000000000E+01    0.11181030699091E+00    0.15229936874124E-01    0.99830052930021E+00    0.11942527542798E+00
    0.70000000000000E+01    0.96554443223317E-01    0.15255863767597E-01    0.99830052930021E+00    0.10418237510712E+00
    0.60000000000000E+01    0.81272608425242E-01    0.15281834798075E-01    0.99830052930021E+00    0.88913525824279E-01
    0.50000000000000E+01    0.65964758384546E-01    0.15307850040696E-01    0.99830052930021E+00    0.73618683404894E-01
    0.40000000000000E+01    0.48503498812166E-01    0.17461259572380E-01    0.87667501747182E+00    0.57234128598356E-01
    0.30000000000000E+01    0.29102099287300E-01    0.19401399524866E-01    0.90000000000000E+00    0.38802799049733E-01
    0.20000000000000E+01    0.97006997624332E-02    0.19401399524866E-01    0.10000000000000E+01    0.19401399524866E-01
    0.10000000000000E+01    0.00000000000000E+00    0.97006997624332E-02    0.20000000000000E+01    0.00000000000000E+00
