 TITLE = "Actuator line mesh"
 VARIABLES = "X", "Y", "Z", "ub_x", "ub_y", "ub_z", "color", "U_lagr_x", "U_lagr_y", "U_lagr_z", "F_lagr_x", "F_lagr_y", "F_lagr_z"
 ZONE T="Points", DATAPACKING=BLOCK, NODES=         120 , ELEMENTS=         117 , ZONETYPE=FELINESEG, VARLOCATION=([1-6]=NODAL,[7-13]=CELLCENTERED)
 STRANDID=0.1 SOLUTIONTIME=  0.13622582005699999     
  0.75000000000000000     
  0.75000000000000000     
  0.75000000000000000     
  0.75000000000000000     
  0.75000000000000000     
  0.75000000000000000     
  0.75000000000000000     
  0.75000000000000000     
  0.75000000000000000     
  0.75000000000000000     
  0.75000000000000000     
  0.75000000000000000     
  0.75000000000000000     
  0.75000000000000000     
  0.75000000000000000     
  0.75000000000000000     
  0.75000000000000000     
  0.75000000000000000     
  0.75000000000000000     
  0.75000000000000000     
  0.75000000000000000     
  0.75000000000000000     
  0.75000000000000000     
  0.75000000000000000     
  0.75000000000000000     
  0.75000000000000000     
  0.75000000000000000     
  0.75000000000000000     
  0.75000000000000000     
  0.75000000000000000     
  0.75000000000000000     
  0.75000000000000000     
  0.75000000000000000     
  0.75000000000000000     
  0.75000000000000000     
  0.75000000000000000     
  0.75000000000000000     
  0.75000000000000000     
  0.75000000000000000     
  0.75000000000000000     
  0.75000000000000000     
  0.75000000000000000     
  0.75000000000000000     
  0.75000000000000000     
  0.75000000000000000     
  0.75000000000000000     
  0.75000000000000000     
  0.75000000000000000     
  0.75000000000000000     
  0.75000000000000000     
  0.75000000000000000     
  0.75000000000000000     
  0.75000000000000000     
  0.75000000000000000     
  0.75000000000000000     
  0.75000000000000000     
  0.75000000000000000     
  0.75000000000000000     
  0.75000000000000000     
  0.75000000000000000     
  0.75000000000000000     
  0.75000000000000000     
  0.75000000000000000     
  0.75000000000000000     
  0.75000000000000000     
  0.75000000000000000     
  0.75000000000000000     
  0.75000000000000000     
  0.75000000000000000     
  0.75000000000000000     
  0.75000000000000000     
  0.75000000000000000     
  0.75000000000000000     
  0.75000000000000000     
  0.75000000000000000     
  0.75000000000000000     
  0.75000000000000000     
  0.75000000000000000     
  0.75000000000000000     
  0.75000000000000000     
  0.75000000000000000     
  0.75000000000000000     
  0.75000000000000000     
  0.75000000000000000     
  0.75000000000000000     
  0.75000000000000000     
  0.75000000000000000     
  0.75000000000000000     
  0.75000000000000000     
  0.75000000000000000     
  0.75000000000000000     
  0.75000000000000000     
  0.75000000000000000     
  0.75000000000000000     
  0.75000000000000000     
  0.75000000000000000     
  0.75000000000000000     
  0.75000000000000000     
  0.75000000000000000     
  0.75000000000000000     
  0.75000000000000000     
  0.75000000000000000     
  0.75000000000000000     
  0.75000000000000000     
  0.75000000000000000     
  0.75000000000000000     
  0.75000000000000000     
  0.75000000000000000     
  0.75000000000000000     
  0.75000000000000000     
  0.75000000000000000     
  0.75000000000000000     
  0.75000000000000000     
  0.75000000000000000     
  0.75000000000000000     
  0.75000000000000000     
  0.75000000000000000     
  0.75000000000000000     
  0.75000000000000000     
  0.75000000000000000     
  0.35953498276834261     
  0.35945747989639815     
  0.35937997702445834     
  0.35930247415251393     
  0.35922497128056946     
  0.35914746840862966     
  0.35906996553668524     
  0.35899246266474077     
  0.35891495979280097     
  0.35883745692085650     
  0.35875995404891209     
  0.35868245117697228     
  0.35860494830502782     
  0.35852744543308340     
  0.35844994256114360     
  0.35837243968919913     
  0.35829493681725472     
  0.35821743394531491     
  0.35813993107337044     
  0.35806242820142598     
  0.35798492532948623     
  0.35790742245754176     
  0.35782991958559729     
  0.35775241671365754     
  0.35767491384171307     
  0.35759741096976860     
  0.35751990809782880     
  0.35744240522588439     
  0.35736490235393992     
  0.35728739948200011     
  0.35720989661005570     
  0.35713239373811123     
  0.35705489086617143     
  0.35697738799422701     
  0.35689988512228255     
  0.35682238225034274     
  0.35674487937839827     
  0.35666737650645386     
  0.35658987363451405     
  0.35651237076256959     
  0.36888339407516868     
  0.37036395975434999     
  0.37184452543357172     
  0.37332509111279299     
  0.37480565679191435     
  0.37628622247113608     
  0.37776678815035736     
  0.37924735382957725     
  0.38072791950870188     
  0.38220848518792172     
  0.38368905086714161     
  0.38516961654636617     
  0.38665018222548614     
  0.38813074790470597     
  0.38961131358393053     
  0.39109187926315037     
  0.39257244494227039     
  0.39405301062149489     
  0.39553357630071478     
  0.39701414197993462     
  0.39849470765905926     
  0.39997527333827915     
  0.40145583901749898     
  0.40293640469662362     
  0.40441697037584351     
  0.40589753605506340     
  0.40737810173428790     
  0.40885866741340787     
  0.41033923309262776     
  0.41181979877185226     
  0.41330036445107216     
  0.41478093013019213     
  0.41626149580941663     
  0.41774206148863652     
  0.41922262716785641     
  0.42070319284698104     
  0.42218375852620094     
  0.42366432420542077     
  0.42514488988464533     
  0.42662545556376530     
  0.35158162315648867     
  0.35017856034924993     
  0.34877549754197174     
  0.34737243473469304     
  0.34596937192751426     
  0.34456630912023606     
  0.34316324631295736     
  0.34176018350567727     
  0.34035712069850177     
  0.33895405789122168     
  0.33755099508394160     
  0.33614793227666617     
  0.33474486946948601     
  0.33334180666220592     
  0.33193874385493050     
  0.33053568104765041     
  0.32913261824047024     
  0.32772955543319482     
  0.32632649262591473     
  0.32492342981863470     
  0.32352036701145914     
  0.32211730420417906     
  0.32071424139689897     
  0.31931117858972347     
  0.31790811578244338     
  0.31650505297516329     
  0.31510199016788787     
  0.31369892736070770     
  0.31229586455342762     
  0.31089280174615219     
  0.30948973893887216     
  0.30808667613169194     
  0.30668361332441652     
  0.30528055051713643     
  0.30387748770985634     
  0.30247442490268084     
  0.30107136209540075     
  0.29966829928812072     
  0.29826523648084524     
  0.29686217367366508     
  0.13498918209736221     
  0.13665404578028922     
  0.13831890946311631     
  0.13998377314604332     
  0.14164863682897033     
  0.14331350051179742     
  0.14497836419472443     
  0.14664322787765138     
  0.14830809156047853     
  0.14997295524340554     
  0.15163781892633252     
  0.15330268260915964     
  0.15496754629208667     
  0.15663240997501363     
  0.15829727365784077     
  0.15996213734076778     
  0.16162700102369473     
  0.16329186470652188     
  0.16495672838944883     
  0.16662159207237584     
  0.16828645575520298     
  0.16995131943812994     
  0.17161618312105695     
  0.17328104680388404     
  0.17494591048681105     
  0.17661077416973806     
  0.17827563785256514     
  0.17994050153549215     
  0.18160536521841916     
  0.18327022890124625     
  0.18493509258417326     
  0.18659995626710027     
  0.18826481994992736     
  0.18992968363285440     
  0.19159454731578140     
  0.19325941099860849     
  0.19492427468153550     
  0.19658913836446251     
  0.19825400204728960     
  0.19991886573021661     
  0.12040812568713150     
  0.11964281330165610     
  0.11887750091617263     
  0.11811218853069910     
  0.11734687614522098     
  0.11658156375973745     
  0.11581625137426392     
  0.11505093898882038     
  0.11428562660327227     
  0.11352031421782874     
  0.11275500183238520     
  0.11198968944684173     
  0.11122437706139356     
  0.11045906467595001     
  0.10969375229040655     
  0.10892843990496302     
  0.10816312751951483     
  0.10739781513397142     
  0.10663250274852784     
  0.10586719036308430     
  0.10510187797753624     
  0.10433656559209264     
  0.10357125320664912     
  0.10280594082110106     
  0.10204062843565748     
  0.10127531605021393     
  0.10051000366467053     
   9.9744691279222281E-002
   9.8979378893778752E-002
   9.8214066508235345E-002
   9.7448754122791748E-002
   9.6683441737343570E-002
   9.5918129351800163E-002
   9.5152816966356621E-002
   9.4387504580913023E-002
   9.3622192195364981E-002
   9.2856879809921383E-002
   9.2091567424477855E-002
   9.1326255038934448E-002
   9.0560942653486257E-002
  0.11960269221550629     
  0.11870314091809460     
  0.11780358962067111     
  0.11690403832325758     
  0.11600448702584873     
  0.11510493572842519     
  0.11420538443101164     
  0.11330583313362809     
  0.11240628183614927     
  0.11150673053876571     
  0.11060717924138216     
  0.10970762794389868     
  0.10880807664651979     
  0.10790852534913624     
  0.10700897405165276     
  0.10610942275426921     
  0.10520987145689031     
  0.10431032015940689     
  0.10341076886202329     
  0.10251121756463974     
  0.10161166626716096     
  0.10071211496977736     
   9.9812563672393800E-002
   9.8913012374915038E-002
   9.8013461077531422E-002
   9.7113909780147875E-002
   9.6214358482664464E-002
   9.5314807185285511E-002
   9.4415255887901950E-002
   9.3515704590418525E-002
   9.2616153293034922E-002
   9.1716601995656025E-002
   9.0817050698172599E-002
   8.9917499400789053E-002
   8.9017948103405437E-002
   8.8118396805926674E-002
   8.7218845508543072E-002
   8.6319294211159525E-002
   8.5419742913676100E-002
   8.4520191616297202E-002
   0.0000000000000000     
   0.0000000000000000     
   0.0000000000000000     
   0.0000000000000000     
   0.0000000000000000     
   0.0000000000000000     
   0.0000000000000000     
   0.0000000000000000     
   0.0000000000000000     
   0.0000000000000000     
   0.0000000000000000     
   0.0000000000000000     
   0.0000000000000000     
   0.0000000000000000     
   0.0000000000000000     
   0.0000000000000000     
   0.0000000000000000     
   0.0000000000000000     
   0.0000000000000000     
   0.0000000000000000     
   0.0000000000000000     
   0.0000000000000000     
   0.0000000000000000     
   0.0000000000000000     
   0.0000000000000000     
   0.0000000000000000     
   0.0000000000000000     
   0.0000000000000000     
   0.0000000000000000     
   0.0000000000000000     
   0.0000000000000000     
   0.0000000000000000     
   0.0000000000000000     
   0.0000000000000000     
   0.0000000000000000     
   0.0000000000000000     
   0.0000000000000000     
   0.0000000000000000     
   0.0000000000000000     
   0.0000000000000000     
  -0.0000000000000000     
  -0.0000000000000000     
  -0.0000000000000000     
  -0.0000000000000000     
  -0.0000000000000000     
  -0.0000000000000000     
  -0.0000000000000000     
  -0.0000000000000000     
  -0.0000000000000000     
  -0.0000000000000000     
  -0.0000000000000000     
  -0.0000000000000000     
  -0.0000000000000000     
  -0.0000000000000000     
  -0.0000000000000000     
  -0.0000000000000000     
  -0.0000000000000000     
  -0.0000000000000000     
  -0.0000000000000000     
  -0.0000000000000000     
  -0.0000000000000000     
  -0.0000000000000000     
  -0.0000000000000000     
  -0.0000000000000000     
  -0.0000000000000000     
  -0.0000000000000000     
  -0.0000000000000000     
  -0.0000000000000000     
  -0.0000000000000000     
  -0.0000000000000000     
  -0.0000000000000000     
  -0.0000000000000000     
  -0.0000000000000000     
  -0.0000000000000000     
  -0.0000000000000000     
  -0.0000000000000000     
  -0.0000000000000000     
  -0.0000000000000000     
  -0.0000000000000000     
  -0.0000000000000000     
   0.0000000000000000     
   0.0000000000000000     
   0.0000000000000000     
   0.0000000000000000     
   0.0000000000000000     
   0.0000000000000000     
   0.0000000000000000     
   0.0000000000000000     
   0.0000000000000000     
   0.0000000000000000     
   0.0000000000000000     
   0.0000000000000000     
   0.0000000000000000     
   0.0000000000000000     
   0.0000000000000000     
   0.0000000000000000     
   0.0000000000000000     
   0.0000000000000000     
   0.0000000000000000     
   0.0000000000000000     
   0.0000000000000000     
   0.0000000000000000     
   0.0000000000000000     
   0.0000000000000000     
   0.0000000000000000     
   0.0000000000000000     
   0.0000000000000000     
   0.0000000000000000     
   0.0000000000000000     
   0.0000000000000000     
   0.0000000000000000     
   0.0000000000000000     
   0.0000000000000000     
   0.0000000000000000     
   0.0000000000000000     
   0.0000000000000000     
   0.0000000000000000     
   0.0000000000000000     
   0.0000000000000000     
   0.0000000000000000     
 -0.36804055606105368     
 -0.42938064873912307     
 -0.49072074141351102     
 -0.55206083409158047     
 -0.61340092676964997     
 -0.67474101944403786     
 -0.73608111212210736     
 -0.79742120480017464     
 -0.85876129747456464     
 -0.92010139015263415     
 -0.98144148283070265     
  -1.0427815755050915     
  -1.1041216681831620     
  -1.1654617608612294     
  -1.2268018535356193     
  -1.2881419462136887     
  -1.3494820388917563     
  -1.4108221315661462     
  -1.4721622242442136     
  -1.5335023169222830     
  -1.5948424095966731     
  -1.6561825022747405     
  -1.7175225949528097     
  -1.7788626876271978     
  -1.8402027803052672     
  -1.9015428729833368     
  -1.9628829656577247     
  -2.0242230583357945     
  -2.0855631510138637     
  -2.1469032436882514     
  -2.2082433363663205     
  -2.2695834290443906     
  -2.3309235217187783     
  -2.3922636143968488     
  -2.4536037070749184     
  -2.5149437997493060     
  -2.5762838924273757     
  -2.6376239851054448     
  -2.6989640777798329     
  -2.7603041704579026     
  0.16918261765563974     
  0.19737972059814721     
  0.22557682354095218     
  0.25377392648339109     
  0.28197102942599928     
  0.31016813236880630     
  0.33836523531124524     
  0.36656233825257922     
  0.39475944119776590     
  0.42295654413909939     
  0.45115364708043332     
  0.47935075002544875     
  0.50754785296695348     
  0.53574495590828752     
  0.56394205885330284     
  0.59213916179463633     
  0.62033626473614156     
  0.64853336768115499     
  0.67673047062249048     
  0.70492757356382441     
  0.73312467650900903     
  0.76132177945034507     
  0.78951888239167856     
  0.81771598533686318     
  0.84591308827819878     
  0.87411019121953271     
  0.90230729416454614     
  0.93050439710605337     
  0.95870150004738663     
  0.98689860299240029     
   1.0150957059337362     
   1.0432928088752409     
   1.0714899118202543     
   1.0996870147615883     
   1.1278841177029244     
   1.1560812206481084     
   1.1842783235894445     
   1.2124754265307780     
   1.2406725294757914     
   1.2688696324172966     
  0.19885793840541391     
  0.23200092813950488     
  0.26514391787403041     
  0.29828690760818938     
  0.33142989734217554     
  0.36457288707670310     
  0.39771587681086262     
  0.43085886654391653     
  0.46400185628048068     
  0.49714484601353526     
  0.53028783574658933     
  0.56343082548332524     
  0.59657381521620800     
  0.62971680494926197     
  0.66285979468599787     
  0.69600278441905195     
  0.72914577415193460     
  0.76228876388866862     
  0.79543175362172458     
  0.82857474335477865     
  0.86171773309134125     
  0.89486072282439733     
  0.92800371255745184     
  0.96114670229401400     
  0.99428969202707052     
   1.0274326817601247     
   1.0605756714968579     
   1.0937186612297429     
   1.1268616509627971     
   1.1600046406995312     
   1.1931476304325874     
   1.2262906201654700     
   1.2594336099022041     
   1.2925765996352578     
   1.3257195893683145     
   1.3588625791048765     
   1.3920055688379327     
   1.4251485585709869     
   1.4582915483077206     
   1.4914345380406033     
  -1.7133054423178883E-002
  -1.9988563493766643E-002
  -2.2844072564182603E-002
  -2.5699581634768324E-002
  -2.8555090705356084E-002
  -3.1410599775772041E-002
  -3.4266108846357765E-002
  -3.7121617916945522E-002
  -3.9977126987361486E-002
  -4.2832636057949250E-002
  -4.5688145128534967E-002
  -4.8543654198950917E-002
  -5.1399163269538695E-002
  -5.4254672340124405E-002
  -5.7110181410540362E-002
  -5.9965690481128125E-002
  -6.2821199551713849E-002
  -6.5676708622129806E-002
  -6.8532217692717556E-002
  -7.1387726763305334E-002
  -7.4243235833719251E-002
  -7.7098744904307015E-002
  -7.9954253974894765E-002
  -8.2809763045308682E-002
  -8.5665272115896446E-002
  -8.8520781186484210E-002
  -9.1376290256900181E-002
  -9.4231799327485891E-002
  -9.7087308398073655E-002
  -9.9942817468489611E-002
 -0.10279832653907532     
 -0.10565383560966310     
 -0.10850934468007906     
 -0.11136485375066477     
 -0.11422036282125253     
 -0.11707587189166849     
 -0.11993138096225625     
 -0.12278689003284196     
 -0.12564239910325792     
 -0.12849790817384571     
  0.32729899838325099     
  0.38184883144662990     
  0.43639866451149761     
  0.49094849757634912     
  0.54549833063751907     
  0.60004816370238678     
  0.65459799676723829     
  0.70914782983203861     
  0.76369766289332930     
  0.81824749595812762     
  0.87279732902292784     
  0.92734716208789991     
  0.98189699514901874     
   1.0364468282138171     
   1.0909966612787889     
   1.1455464943435874     
   1.2000963274047083     
   1.2546461604696784     
   1.3091959935344786     
   1.3637458265992768     
   1.4182956596605676     
   1.4728454927253678     
   1.5273953257901660     
   1.5819451588514566     
   1.6364949919162570     
   1.6910448249810575     
   1.7455946580460275     
   1.8001444911071465     
   1.8546943241719465     
   1.9092441572369168     
   1.9637939903017172     
   2.0183438233628359     
   2.0728936564278060     
   2.1274434894926060     
   2.1819933225574064     
   2.2365431556186972     
   2.2910929886834976     
   2.3456428217482954     
   2.4001926548132682     
   2.4547424878743866     
 -0.31016594396007213     
 -0.36186026795293275     
 -0.41355459194724753     
 -0.46524891594158080     
 -0.51694323993223257     
 -0.56863756392654730     
 -0.62033188792088056     
 -0.67202621191526490     
 -0.72372053590579599     
 -0.77541485990018033     
 -0.82710918389456467     
 -0.87880350788877715     
 -0.93049783187948010     
 -0.98219215587386455     
  -1.0338864798680769     
  -1.0855808038624613     
  -1.1372751278531641     
  -1.1889694518473768     
  -1.2406637758417609     
  -1.2923580998361435     
  -1.3440524238266764     
  -1.3957467478210608     
  -1.4474410718154451     
  -1.4991353958059763     
  -1.5508297198003607     
  -1.6025240437947450     
  -1.6542183677889575     
  -1.7059126917796605     
  -1.7576070157740447     
  -1.8093013397682574     
  -1.8609956637626395     
  -1.9126899877533445     
  -1.9643843117475570     
  -2.0160786357419416     
  -2.0677729597363257     
  -2.1194672837268569     
  -2.1711616077212410     
  -2.2228559317156233     
  -2.2745502557098383     
  -2.3262445797005409     
           1
           1
           1
           1
           1
           1
           1
           1
           1
           1
           1
           1
           1
           1
           1
           1
           1
           1
           1
           1
           1
           1
           1
           1
           1
           1
           1
           1
           1
           1
           1
           1
           1
           1
           1
           1
           1
           1
           1
           2
           2
           2
           2
           2
           2
           2
           2
           2
           2
           2
           2
           2
           2
           2
           2
           2
           2
           2
           2
           2
           2
           2
           2
           2
           2
           2
           2
           2
           2
           2
           2
           2
           2
           2
           2
           2
           2
           2
           3
           3
           3
           3
           3
           3
           3
           3
           3
           3
           3
           3
           3
           3
           3
           3
           3
           3
           3
           3
           3
           3
           3
           3
           3
           3
           3
           3
           3
           3
           3
           3
           3
           3
           3
           3
           3
           3
           3
   4.1717635905452022E-002
   4.1100827984279067E-002
   4.3409900681241953E-002
   4.4970802368438687E-002
   4.5430652810600679E-002
   4.4848987794422701E-002
   4.3600086573365539E-002
   4.3761524819356218E-002
   4.5592328862399084E-002
   4.8962158357185211E-002
   5.3728562989131132E-002
   5.9749384217336179E-002
   6.7010686273982586E-002
   7.5497352271566717E-002
   8.5085048094845878E-002
   9.3632946395321978E-002
  0.10033941883629241     
  0.10523258062746843     
  0.10834852204884721     
  0.11002541483832096     
  0.11042026859080702     
  0.10951937463118183     
  0.10731419483202677     
  0.10429389716522652     
  0.10079064619530394     
   9.6798771069609865E-002
   9.2313201666144040E-002
   8.8413584194955264E-002
   8.6224674553422531E-002
   8.5757367771161927E-002
   8.7022036164852171E-002
   9.1004465620932742E-002
   9.9128841560692016E-002
  0.11131209383289614     
  0.12745564533390716     
  0.14601420119248018     
  0.16551859387204504     
  0.18594603385944600     
  0.20719851721141103     
   6.1156344103991130E-002
   6.3039743857166541E-002
   6.9380939167636477E-002
   7.9544002189490204E-002
   9.2641457729681659E-002
  0.10408936394463933     
  0.11220865756042074     
  0.11652272009384021     
  0.11651758193343714     
  0.11145746337936845     
   9.8483551243947420E-002
   7.8090698357192817E-002
   5.2299235108436981E-002
   2.4334213422321310E-002
  -7.5474153264962467E-004
  -1.9916608232937019E-002
  -3.2238491124817893E-002
  -3.7656080844226225E-002
  -3.6207963917280081E-002
  -2.8142252751114177E-002
  -1.8463301520109290E-002
  -1.0159534851266276E-002
  -2.4831702560190630E-003
   7.0515108052518127E-003
   1.7857569801631324E-002
   2.4931913512360186E-002
   2.4568968692571677E-002
   1.6131702820233143E-002
  -4.6217508055260858E-004
  -2.4734489008762333E-002
  -5.1970587682688932E-002
  -7.7079916673547313E-002
  -9.6126627873393586E-002
 -0.10764060118480212     
 -0.11051316680146445     
 -0.10403752353919601     
  -8.8991898798765470E-002
  -6.6367882675334638E-002
  -3.6917742514997666E-002
   3.2617612088355299E-002
   2.8564313175676530E-002
   2.7814911787428558E-002
   2.6817275332123094E-002
   2.3278254098832333E-002
   1.6106024643117944E-002
   4.6021022411968249E-003
  -1.0654362320816348E-002
  -2.9019707306733068E-002
  -4.9814834258062282E-002
  -7.2311809156658496E-002
  -9.5087285528331247E-002
 -0.11699408827572405     
 -0.13695749413406672     
 -0.15376861241931242     
 -0.16603742422167533     
 -0.16862307539940596     
 -0.15932509480890736     
 -0.14151722714534795     
 -0.12117339364873655     
  -9.9690644153019606E-002
  -7.7538416209099445E-002
  -5.4761747738101774E-002
  -3.1390072911005179E-002
  -7.7446923528078871E-003
   1.5540037976406318E-002
   3.4821485507641206E-002
   4.7497871869299157E-002
   5.3597156741646029E-002
   5.3607553824537107E-002
   4.8503883894408927E-002
   3.9774333689961493E-002
   3.3734525152304649E-002
   3.4503195640358697E-002
   3.9339530865843221E-002
   4.6626883324876640E-002
   5.5672571403937152E-002
   6.6272528303244066E-002
   7.8539922619210403E-002
 -0.53011773311851429     
 -0.44103390492783157     
 -0.31267586093577593     
 -0.20395373444931025     
 -0.12137967827873852     
  -6.5148932609983071E-002
  -3.3493748512258920E-002
  -1.3510694007847684E-002
  -2.7088200003448498E-003
  -9.7910129483135618E-004
  -7.4832189834579668E-003
  -1.4196732056448310E-002
  -1.8908820767675309E-002
  -2.1592069882740185E-002
  -2.2235826086877165E-002
  -2.1059234875066411E-002
  -1.8165421255389072E-002
  -1.3587168069735096E-002
  -7.3845712403302318E-003
  -6.8062114401098734E-004
   5.9201436310157866E-003
   1.2377785296726283E-002
   1.8650674044224783E-002
   2.4568978380306312E-002
   3.0054058505504230E-002
   3.5092409198589622E-002
   3.9670854851947573E-002
   4.3749518316994418E-002
   4.7337963102306702E-002
   5.0448157223152365E-002
   5.3091551750712132E-002
   5.5351482266766165E-002
   5.7367883078892519E-002
   5.9160923969171733E-002
   6.0748568284518668E-002
   6.2007073852051980E-002
   6.2986301836689490E-002
   6.3725396047633026E-002
   6.4237768021264699E-002
  0.26272320715398012     
  0.21724151898449395     
  0.16683837780668995     
  0.11697581519185853     
   7.1794441788312569E-002
   3.6866582358249834E-002
   1.3436917483606335E-002
   5.8623231658508530E-004
  -3.0665771684772981E-003
   3.6285449864289793E-004
   5.1804736855977987E-003
   1.0058765666896084E-002
   1.5274594832343689E-002
   2.1064063667108359E-002
   2.7495434117700415E-002
   3.3671235137156801E-002
   3.9406701193884633E-002
   4.4836746475169283E-002
   4.9963505816281922E-002
   5.4635140692811751E-002
   5.7739691175297411E-002
   5.8793507111349577E-002
   5.8003326870541973E-002
   5.5736826094450083E-002
   5.2417723782143627E-002
   4.9131047158386162E-002
   4.6565945174932483E-002
   4.4887393562742059E-002
   4.4253283542661892E-002
   4.4814063964044297E-002
   4.6419604146273608E-002
   4.8708530970986624E-002
   5.1345996656394673E-002
   5.4044517491441978E-002
   5.6532002436814811E-002
   5.8115797817506615E-002
   5.8120611609085188E-002
   5.6396598455584292E-002
   5.2829167951607407E-002
   3.4579020486886623E-002
   8.0250197410232788E-003
  -1.0198133952271593E-002
  -2.6814831870450882E-002
  -4.5322854393301790E-002
  -6.3611691384309679E-002
  -7.7045093379027763E-002
  -8.3598440688892869E-002
  -8.2846286325495316E-002
  -7.5906927028853724E-002
  -6.6148251963899118E-002
  -5.9996912601020740E-002
  -5.6980774691980041E-002
  -5.5875442676949244E-002
  -5.5851530128515244E-002
  -5.6480558515848191E-002
  -5.8015382785358179E-002
  -6.0198001745169524E-002
  -6.2624304840337403E-002
  -6.5112668982819963E-002
  -6.7487323882241060E-002
  -6.9484576453435726E-002
  -7.0634798298794058E-002
  -7.0763996547733438E-002
  -6.9828975359862502E-002
  -6.7908797337402238E-002
  -6.5447472176942273E-002
  -6.3103282828008686E-002
  -6.1126762571330484E-002
  -5.9689671598403944E-002
  -5.8948717043863154E-002
  -5.9044789184691797E-002
  -5.9904833119077322E-002
  -6.1241890128594718E-002
  -6.2802467394489761E-002
  -6.4243043739359074E-002
  -6.5225258994507276E-002
  -6.5408219459617861E-002
  -6.4515694551846081E-002
  -7.5086108019693468E-002
  -6.3792986319968117E-002
  -5.1061401144612724E-002
  -3.8020984585524754E-002
  -2.6188790528696826E-002
  -1.8219287786343331E-002
  -1.4415738544821763E-002
  -1.4773569628153158E-002
  -1.8867637647988642E-002
  -2.3142384920073079E-002
  -2.6688262791864259E-002
  -2.9380883085329986E-002
  -3.1077399584089730E-002
  -3.1414126640428752E-002
  -3.0277745813797035E-002
  -2.7647879857414757E-002
  -2.3529250112784492E-002
  -1.8551537111043667E-002
  -1.3017598376542377E-002
  -6.9536363120970366E-003
  -3.9451361637535872E-004
   6.1006276844677472E-003
   1.2205534303603086E-002
   1.7905523376424742E-002
   2.3185412378721119E-002
   2.7886336318442482E-002
   3.1911366273906311E-002
   3.5254175544889133E-002
   3.7908554082716997E-002
   3.9819025627584534E-002
   4.0936240607840846E-002
   4.1249845806876573E-002
   4.0749277761929152E-002
   3.9272162999454463E-002
   3.6547735937424330E-002
   3.2563110716815939E-002
   2.7310166429194083E-002
   2.1053750582754542E-002
   1.4244863750487880E-002
  0.31217578367718368     
  0.26312801827415561     
  0.20697876096512974     
  0.15089862366783946     
  0.10162309330174747     
   6.6897514273600994E-002
   4.5831162023802760E-002
   3.5746060245501123E-002
   3.4006389252573682E-002
   3.8144510101533212E-002
   4.3278104077570920E-002
   4.6391964995042917E-002
   4.5864072965160693E-002
   4.0647586528858304E-002
   3.0453117545274844E-002
   1.9668386629490456E-002
   1.0099321362919779E-002
   1.4414197572107830E-003
  -6.9815669746786900E-003
  -1.5840587453100529E-002
  -2.4169211432248813E-002
  -3.1197408261651276E-002
  -3.6807633469415270E-002
  -4.0885996300367301E-002
  -4.3326947532737484E-002
  -4.4455528495676071E-002
  -4.4279915465684570E-002
  -4.2613248610133520E-002
  -3.9322563547269346E-002
  -3.4296837393447188E-002
  -2.8606202528708557E-002
  -2.3228608543496676E-002
  -1.8198228200850000E-002
  -1.3552018545927075E-002
  -9.3297209056489427E-003
  -5.9383354332656242E-003
  -3.7493675625093520E-003
  -2.6632504135403862E-003
  -2.5860050109444226E-003
 -0.32612952098921499     
 -0.29842510474105566     
 -0.26102033375314393     
 -0.21740847001258903     
 -0.17157369555960786     
 -0.12904926802286551     
  -9.3266659380743494E-002
  -6.6121500741811015E-002
  -4.5911173965398552E-002
  -3.0237183995147025E-002
  -1.7878638603489594E-002
  -1.0103417210438536E-002
  -5.4968820824119278E-003
  -2.9230901067566874E-003
  -2.5436320881268176E-003
  -5.7597960113527809E-003
  -1.2163976289388154E-002
  -2.0735428238763148E-002
  -3.0648994366617319E-002
  -4.1340479044236482E-002
  -5.2506648509524585E-002
  -6.3541410308736820E-002
  -7.3408582107577738E-002
  -8.2198070817005947E-002
  -8.9831539941640462E-002
  -9.6282134173437756E-002
 -0.10151562197332351     
 -0.10505275281904509     
 -0.10671553154690137     
 -0.10646932895525782     
 -0.10443005824542298     
 -0.10064590581146263     
  -9.5384136266955535E-002
  -8.8756236893367119E-002
  -8.0680387568231038E-002
  -7.1112677241583183E-002
  -6.0047103936090036E-002
  -4.8031817270003226E-002
  -3.6403006640832458E-002
  -5.6678130177391255E-005
  -3.8987175502131773E-005
  -2.3149719159711222E-004
  -1.0027847702708452E-003
  -2.4489130933909521E-003
  -4.2146675845329490E-003
  -5.9205049542334137E-003
  -7.4214711300375109E-003
  -8.6911832975056173E-003
  -9.7004689136696298E-003
  -1.0459020122974033E-002
  -1.1152677569658953E-002
  -1.1761941856357280E-002
  -1.2176640162098420E-002
  -1.2851178577824873E-002
  -1.3406285748951852E-002
  -1.4038217389491290E-002
  -1.4722459690175289E-002
  -1.6073503334187368E-002
  -1.6899363908526741E-002
  -1.7570489183398534E-002
  -1.8381600132669550E-002
  -1.9531847620046540E-002
  -2.0051728338527128E-002
  -2.1082106438676043E-002
  -2.2092096901385548E-002
  -2.2564831152273659E-002
  -2.2829559326342688E-002
  -2.3291596640375365E-002
  -2.3645378950020137E-002
  -2.3953915711099252E-002
  -2.4318503909674643E-002
  -2.4586282656380746E-002
  -2.4031509747681808E-002
  -2.2800290235762573E-002
  -2.1696150080640228E-002
  -1.8433767783654433E-002
  -1.3319894628921873E-002
  -8.8002755830744323E-003
  -1.0603832820474777E-004
  -7.2362760834966233E-005
  -2.9896680312495365E-004
  -9.9092885674407550E-004
  -2.0389274163335473E-003
  -3.2223964739654777E-003
  -4.4552750013917963E-003
  -5.5746698903628850E-003
  -6.5278809889770520E-003
  -7.4864505101180446E-003
  -8.6742672510450401E-003
  -1.0101590238109489E-002
  -1.1499643709717386E-002
  -1.3002964653637011E-002
  -1.4420618770808797E-002
  -1.5771962025425988E-002
  -1.6812493309411661E-002
  -1.7532987097025124E-002
  -1.8092106579233061E-002
  -1.8343776746131940E-002
  -1.8720729086795226E-002
  -1.9138099977500635E-002
  -1.9654772656987382E-002
  -1.9936851875287358E-002
  -2.1748371637196132E-002
  -2.2480178553899745E-002
  -2.2724383241994151E-002
  -2.3387673956540862E-002
  -2.4049266463598971E-002
  -2.5200155837052495E-002
  -2.5924757793637621E-002
  -2.6316722234630205E-002
  -2.6682228521541694E-002
  -2.7064251389666321E-002
  -2.7505139474191542E-002
  -2.8054079721933134E-002
  -2.6935131970041028E-002
  -2.2692536018459636E-002
  -1.8242904962290116E-002
  -3.7298711131413095E-005
  -5.0688933391014924E-005
  -3.6795984244362626E-004
  -1.2652735187687171E-003
  -2.7034871392652812E-003
  -4.6078325498746606E-003
  -6.6858776872618817E-003
  -8.8605833051423229E-003
  -1.0932312733586217E-002
  -1.2911050391918937E-002
  -1.4843739504182845E-002
  -1.6763846465888282E-002
  -1.8452149831029253E-002
  -1.9801242002637606E-002
  -2.0921560612187692E-002
  -2.1724669176921872E-002
  -2.2039269596198452E-002
  -2.1979811714180196E-002
  -2.1638690328263765E-002
  -2.0671594814003415E-002
  -2.0347499320385397E-002
  -1.9901405728869899E-002
  -1.9704324405606856E-002
  -1.9911839808526999E-002
  -1.9603482787748771E-002
  -2.1129954273637747E-002
  -2.1228082096544646E-002
  -2.1643446940649881E-002
  -2.2579750649023241E-002
  -2.2586421259837737E-002
  -2.2933181786351325E-002
  -2.3656885508058025E-002
  -2.4273166784484421E-002
  -2.4638459322514517E-002
  -2.4851572901099402E-002
  -2.5043870074479092E-002
  -2.3547361614556579E-002
  -1.8405901617632895E-002
  -1.4254583148899158E-002
  -1.4584392459476775E-005
   2.6547157073612385E-005
   4.1352521071091033E-005
  -6.5729381580262891E-005
  -1.4691817906139536E-004
  -2.4394599264954267E-004
  -3.5026890064466756E-004
  -4.5636371583810710E-004
  -5.5939967646713678E-004
  -6.4975241087490449E-004
  -7.2166210293299121E-004
  -7.8810780447430469E-004
  -8.3298170082291543E-004
  -8.5586812705774657E-004
  -8.4808879834135601E-004
  -8.5886172097602849E-004
  -8.8625393296107736E-004
  -9.3956220049676124E-004
  -9.3876949839726226E-004
  -9.3682995818187133E-004
  -9.4655656652638427E-004
  -9.4737031577706748E-004
  -9.2850717377966445E-004
  -7.5314478961007532E-004
  -4.3652444953291972E-004
  -2.2885756985699328E-004
  -9.4048601872297899E-006
   3.0864563895859146E-004
   4.0536427208370888E-004
   3.2838763747136397E-004
   2.7059442874519601E-004
   1.8108582612565740E-004
   9.0731759293716046E-005
   2.1810689090047078E-004
   4.8988855435344516E-004
   5.6091639913467719E-004
   5.2572998886853324E-004
   5.1675069886524428E-004
   3.7858694892341612E-004
  -1.5883687618621176E-004
  -1.4453449986168213E-005
  -3.0927815209008409E-005
  -7.6504159889464229E-005
  -7.6646922613621228E-005
  -1.0359392511619395E-004
  -1.2657143351948617E-004
  -1.3184744152827112E-004
  -1.0573903370000076E-004
  -5.3248535652552379E-005
   5.1092871777047942E-005
   2.1698879650580106E-004
   4.5126284735958719E-004
   7.2986278748707410E-004
   1.0226851146728140E-003
   1.2878066926948913E-003
   1.5013983690636032E-003
   1.6519354080994767E-003
   1.7257454998374396E-003
   1.7188010153236009E-003
   1.6905694187460683E-003
   1.6658714052654386E-003
   1.6337392437494505E-003
   1.5517749824844780E-003
   1.4379770997272748E-003
   1.3393120579149804E-003
   1.3232922742924230E-003
   1.3963052906077074E-003
   1.5659994350416518E-003
   1.8323390669420681E-003
   2.1571372898812734E-003
   2.4682596888539370E-003
   2.6887411733385481E-003
   2.7975581347493561E-003
   2.7795323620710896E-003
   2.6262161722482441E-003
   2.1158456467464011E-003
   6.0891248738012809E-004
   4.2592299423790768E-004
  -5.0256923089767709E-006
   3.7832611904317051E-005
   7.3729481165910865E-005
   1.0713652232232858E-004
   1.6506491084842769E-004
   2.6716740162309249E-004
   4.2532872746815407E-004
   6.7719990656860607E-004
   1.0061917706754694E-003
   1.3758275710699726E-003
   1.7962447975314933E-003
   2.2634642121560447E-003
   2.7306904358768464E-003
   3.1612275272884464E-003
   3.5495348045286963E-003
   3.8588325337629457E-003
   3.9986344180201923E-003
   3.9459165855709345E-003
   3.6681026712257988E-003
   3.1749442949521962E-003
   2.9457581130828497E-003
   2.7026043392093606E-003
   2.4564558798139818E-003
   2.2037651087730161E-003
   1.9202602720790301E-003
   1.6029944405320927E-003
   1.2885159376497359E-003
   1.0078551886396631E-003
   5.0041064386409189E-004
   1.6558964922908583E-004
   4.5680966811463342E-005
   1.0865127169696182E-004
   1.0117166112561333E-004
   1.2559798323890029E-004
   1.3594222856855003E-004
   1.6096177873611259E-004
   2.3534600116826074E-004
   1.6852922099784086E-005
   6.1218335602755542E-005
  -6.7893384471403048E-007
   1.2358254530173282E-006
   1.9250459830550332E-006
  -3.0598396108002244E-006
  -6.8393472299714299E-006
  -1.1356194037723797E-005
  -1.6305746849531110E-005
  -2.1244681466358788E-005
  -2.6041220032366706E-005
  -3.0247328001713701E-005
  -3.3594873937332716E-005
  -3.6688059734239655E-005
  -3.8777033070627215E-005
  -3.9842443878691157E-005
  -3.9480299924502905E-005
  -3.9981801910511948E-005
  -4.1256966429699172E-005
  -4.3738577311579510E-005
  -4.3701675377843577E-005
  -4.3611385741228503E-005
  -4.4064179617813512E-005
  -4.4102061340274100E-005
  -4.3223942792979668E-005
  -3.5060458572893572E-005
  -2.0321122299508896E-005
  -1.0653796531233400E-005
  -4.3781582974097764E-007
   1.4368097326962196E-005
   1.8870551140213414E-005
   1.5287128475490159E-005
   1.2596734240156614E-005
   8.4299223636718160E-006
   4.2237523672042432E-006
   1.0153330034770103E-005
   2.2805332523293639E-005
   2.6111826631503148E-005
   2.4473825948920282E-005
   2.4055821297600345E-005
   1.7624010976481374E-005
  -3.0728423051040461E-004
  -2.7961499645809344E-005
  -5.9832641676673655E-005
  -1.4800418181820909E-004
  -1.4828036915484771E-004
  -2.0041177042278576E-004
  -2.4486382814653616E-004
  -2.5507074042001857E-004
  -2.0456167601326459E-004
  -1.0301408398801400E-004
   9.8843758235372400E-005
   4.1978435338585723E-004
   8.7300858678712951E-004
   1.4119852418180386E-003
   1.9784763844675505E-003
   2.4913779351077893E-003
   2.9045902538817007E-003
   3.1958177025329074E-003
   3.3386099670846565E-003
   3.3251752368619538E-003
   3.2705586727523835E-003
   3.2227781431386827E-003
   3.1606155851491451E-003
   3.0020483458685411E-003
   2.7818961011540997E-003
   2.5910196990262817E-003
   2.5600279860053788E-003
   2.7012782364177210E-003
   3.0295668293852246E-003
   3.5448248148610539E-003
   4.1731762053186872E-003
   4.7750704836355849E-003
   5.2016117562189946E-003
   5.4121279603765501E-003
   5.3772554810087520E-003
   5.0806515150627575E-003
   4.0932938058918858E-003
   1.1779960020977301E-003
   8.2398636062144934E-004
   7.8387546987845846E-006
  -5.9008897899034423E-005
  -1.1499854774181229E-004
  -1.6710472232178255E-004
  -2.5745773238152793E-004
  -4.1671069299161612E-004
  -6.6340065328434554E-004
  -1.0562532728384583E-003
  -1.5693938238440308E-003
  -2.1459281974350415E-003
  -2.8016682043378147E-003
  -3.5304072827689699E-003
  -4.2591569816057941E-003
  -4.9306813091649498E-003
  -5.5363382628552385E-003
  -6.0187611569232427E-003
  -6.2368152298148431E-003
  -6.1545893131813648E-003
  -5.7212728679015470E-003
  -4.9520758495324351E-003
  -4.5946058434899427E-003
  -4.2153500772684682E-003
  -3.8314233913339566E-003
  -3.4372924244778290E-003
  -2.9950996410548414E-003
  -2.5002486086181069E-003
  -2.0097450738619754E-003
  -1.5719883172192421E-003
  -7.8050864333815983E-004
  -2.5827618587931275E-004
  -7.1250261899093867E-005
  -1.6946733189824193E-004
  -1.5780111182214137E-004
  -1.9589973296116488E-004
  -2.1203402783981042E-004
  -2.5105792830547503E-004
  -3.6707769976390838E-004
  -2.6286114265718149E-005
  -9.5484459922261919E-005
           1           2
           2           3
           3           4
           4           5
           5           6
           6           7
           7           8
           8           9
           9          10
          10          11
          11          12
          12          13
          13          14
          14          15
          15          16
          16          17
          17          18
          18          19
          19          20
          20          21
          21          22
          22          23
          23          24
          24          25
          25          26
          26          27
          27          28
          28          29
          29          30
          30          31
          31          32
          32          33
          33          34
          34          35
          35          36
          36          37
          37          38
          38          39
          39          40
          41          42
          42          43
          43          44
          44          45
          45          46
          46          47
          47          48
          48          49
          49          50
          50          51
          51          52
          52          53
          53          54
          54          55
          55          56
          56          57
          57          58
          58          59
          59          60
          60          61
          61          62
          62          63
          63          64
          64          65
          65          66
          66          67
          67          68
          68          69
          69          70
          70          71
          71          72
          72          73
          73          74
          74          75
          75          76
          76          77
          77          78
          78          79
          79          80
          81          82
          82          83
          83          84
          84          85
          85          86
          86          87
          87          88
          88          89
          89          90
          90          91
          91          92
          92          93
          93          94
          94          95
          95          96
          96          97
          97          98
          98          99
          99         100
         100         101
         101         102
         102         103
         103         104
         104         105
         105         106
         106         107
         107         108
         108         109
         109         110
         110         111
         111         112
         112         113
         113         114
         114         115
         115         116
         116         117
         117         118
         118         119
         119         120
