40
0.0 0.01 0.0
0.0 0.0116666666667 0.0
0.0 0.0133333333333 0.0
0.0 0.015 0.0
0.0 0.0166666666667 0.0
0.0 0.0183333333333 0.0
0.0 0.02 0.0
0.0 0.0216666666667 0.0
0.0 0.0233333333333 0.0
0.0 0.025 0.0
0.0 0.0266666666667 0.0
0.0 0.0283333333333 0.0
0.0 0.03 0.0
0.0 0.0316666666667 0.0
0.0 0.0333333333333 0.0
0.0 0.035 0.0
0.0 0.0366666666667 0.0
0.0 0.0383333333333 0.0
0.0 0.04 0.0
0.0 0.0416666666667 0.0
0.0 0.0433333333333 0.0
0.0 0.045 0.0
0.0 0.0466666666667 0.0
0.0 0.0483333333333 0.0
0.0 0.05 0.0
0.0 0.0516666666667 0.0
0.0 0.0533333333333 0.0
0.0 0.055 0.0
0.0 0.0566666666667 0.0
0.0 0.0583333333333 0.0
0.0 0.06 0.0
0.0 0.0616666666667 0.0
0.0 0.0633333333333 0.0
0.0 0.065 0.0
0.0 0.0666666666667 0.0
0.0 0.0683333333333 0.0
0.0 0.07 0.0
0.0 0.0716666666667 0.0
0.0 0.0733333333333 0.0
0.0 0.075 0.0
40
0.0 -0.005 -0.00866025403784
0.0 -0.00583333333333 -0.0101036297108
0.0 -0.00666666666667 -0.0115470053838
0.0 -0.0075 -0.0129903810568
0.0 -0.00833333333333 -0.0144337567297
0.0 -0.00916666666667 -0.0158771324027
0.0 -0.01 -0.0173205080757
0.0 -0.0108333333333 -0.0187638837487
0.0 -0.0116666666667 -0.0202072594216
0.0 -0.0125 -0.0216506350946
0.0 -0.0133333333333 -0.0230940107676
0.0 -0.0141666666667 -0.0245373864406
0.0 -0.015 -0.0259807621135
0.0 -0.0158333333333 -0.0274241377865
0.0 -0.0166666666667 -0.0288675134595
0.0 -0.0175 -0.0303108891325
0.0 -0.0183333333333 -0.0317542648054
0.0 -0.0191666666667 -0.0331976404784
0.0 -0.02 -0.0346410161514
0.0 -0.0208333333333 -0.0360843918244
0.0 -0.0216666666667 -0.0375277674973
0.0 -0.0225 -0.0389711431703
0.0 -0.0233333333333 -0.0404145188433
0.0 -0.0241666666667 -0.0418578945162
0.0 -0.025 -0.0433012701892
0.0 -0.0258333333333 -0.0447446458622
0.0 -0.0266666666667 -0.0461880215352
0.0 -0.0275 -0.0476313972081
0.0 -0.0283333333333 -0.0490747728811
0.0 -0.0291666666667 -0.0505181485541
0.0 -0.03 -0.0519615242271
0.0 -0.0308333333333 -0.0534048999
0.0 -0.0316666666667 -0.054848275573
0.0 -0.0325 -0.056291651246
0.0 -0.0333333333333 -0.057735026919
0.0 -0.0341666666667 -0.0591784025919
0.0 -0.035 -0.0606217782649
0.0 -0.0358333333333 -0.0620651539379
0.0 -0.0366666666667 -0.0635085296109
0.0 -0.0375 -0.0649519052838
40
0.0 -0.005 0.00866025403784
0.0 -0.00583333333333 0.0101036297108
0.0 -0.00666666666667 0.0115470053838
0.0 -0.0075 0.0129903810568
0.0 -0.00833333333333 0.0144337567297
0.0 -0.00916666666667 0.0158771324027
0.0 -0.01 0.0173205080757
0.0 -0.0108333333333 0.0187638837487
0.0 -0.0116666666667 0.0202072594216
0.0 -0.0125 0.0216506350946
0.0 -0.0133333333333 0.0230940107676
0.0 -0.0141666666667 0.0245373864406
0.0 -0.015 0.0259807621135
0.0 -0.0158333333333 0.0274241377865
0.0 -0.0166666666667 0.0288675134595
0.0 -0.0175 0.0303108891325
0.0 -0.0183333333333 0.0317542648054
0.0 -0.0191666666667 0.0331976404784
0.0 -0.02 0.0346410161514
0.0 -0.0208333333333 0.0360843918244
0.0 -0.0216666666667 0.0375277674973
0.0 -0.0225 0.0389711431703
0.0 -0.0233333333333 0.0404145188433
0.0 -0.0241666666667 0.0418578945162
0.0 -0.025 0.0433012701892
0.0 -0.0258333333333 0.0447446458622
0.0 -0.0266666666667 0.0461880215352
0.0 -0.0275 0.0476313972081
0.0 -0.0283333333333 0.0490747728811
0.0 -0.0291666666667 0.0505181485541
0.0 -0.03 0.0519615242271
0.0 -0.0308333333333 0.0534048999
0.0 -0.0316666666667 0.054848275573
0.0 -0.0325 0.056291651246
0.0 -0.0333333333333 0.057735026919
0.0 -0.0341666666667 0.0591784025919
0.0 -0.035 0.0606217782649
0.0 -0.0358333333333 0.0620651539379
0.0 -0.0366666666667 0.0635085296109
0.0 -0.0375 0.0649519052838
