Airfoil type: plate type 5
Drag coefficients from experiment (JFE-Sunada-1997)
26
-1.835520358319400103e+01 3.305953273139123350e-01
-1.591096146651704224e+01 3.046596381621760052e-01
-1.406967892442757950e+01 2.672287843290380160e-01
-1.226649886426427472e+01 2.240848301444750001e-01
-1.226649886426427472e+01 1.942624951190939919e-01
-1.226649886426427472e+01 1.625366067942209947e-01
-8.605543710021429149e+00 1.409686971235190045e-01
-6.331995226212414174e+00 1.238505466614600037e-01
-5.259802758006246748e+00 1.067413445268780015e-01
-4.196910486568439680e+00 8.710790055967719547e-02
-2.630598110335973239e+00 6.812361707666279853e-02
-1.881009494673236748e+00 6.180284394116879881e-02
-1.241351563881072373e-01 5.551705063126380346e-02
7.689997689997670749e-01 5.618166731745410231e-02
2.049074715741384889e+00 6.383899518417289476e-02
3.111778445111771596e+00 7.402707275803720177e-02
3.875544573769423629e+00 8.357005726929589429e-02
5.022563235580977725e+00 1.013731615254459956e-01
6.799073940321465059e+00 1.229776779903680034e-01
1.153714165038808659e+01 1.559896850188730033e-01
1.187888707037639691e+01 1.934270467265389870e-01
1.114669600062857491e+01 2.334000390472469877e-01
1.392935959030665316e+01 2.841679682415719777e-01
1.789296004349004576e+01 3.336725562931149858e-01
2.229743999017739498e+01 3.635062800989199983e-01
2.984050891741449973e+01 4.035192120922660997e-01
