Airfoil type: plate type 5
Lift coefficients from experiment (JFE-Sunada-1997)
18
-1.835520358319400103e+01 -7.418542380032779882e-01
-1.470336411288359990e+01 -6.984761688385450196e-01
-1.112844647117050023e+01 -6.781421917852680226e-01
-7.781860080167479765e+00 -6.629201084046020265e-01
-6.107106343616620414e+00 -6.168968371172169896e-01
-5.115593709936550049e+00 -5.401145713312019980e-01
-4.122717904610439632e+00 -4.274808912546049777e-01
-1.603381963940859967e+00 -1.689456516447319923e-01
-7.624024277437869979e-02 -5.118384966164120191e-03
3.588744096979919807e+00 3.839697505720450210e-01
5.497184401421590039e+00 5.759497573879039933e-01
7.172619723795460089e+00 6.398987358205809883e-01
9.150776520991220409e+00 6.654225020691000303e-01
1.135658298307389913e+01 6.781324548449390033e-01
1.576848801544930012e+01 7.112348063160289779e-01
1.972460687103420085e+01 7.571607082001270417e-01
2.687444215446030071e+01 7.978286623066810357e-01
2.984050891741449973e+01 8.053845280018170349e-01
