40
0.0 0.029166666666666664 0.0
0.0 0.04123931623931624 0.0
0.0 0.05331196581196581 0.0
0.0 0.06538461538461539 0.0
0.0 0.07745726495726496 0.0
0.0 0.08952991452991453 0.0
0.0 0.1016025641025641 0.0
0.0 0.11367521367521367 0.0
0.0 0.12574786324786325 0.0
0.0 0.13782051282051283 0.0
0.0 0.1498931623931624 0.0
0.0 0.16196581196581197 0.0
0.0 0.17403846153846156 0.0
0.0 0.18611111111111112 0.0
0.0 0.1981837606837607 0.0
0.0 0.21025641025641026 0.0
0.0 0.22232905982905984 0.0
0.0 0.23440170940170943 0.0
0.0 0.246474358974359 0.0
0.0 0.25854700854700857 0.0
0.0 0.2706196581196581 0.0
0.0 0.2826923076923077 0.0
0.0 0.2947649572649573 0.0
0.0 0.30683760683760686 0.0
0.0 0.31891025641025644 0.0
0.0 0.33098290598290603 0.0
0.0 0.34305555555555556 0.0
0.0 0.35512820512820514 0.0
0.0 0.36720085470085473 0.0
0.0 0.3792735042735043 0.0
0.0 0.39134615384615384 0.0
0.0 0.40341880341880343 0.0
0.0 0.415491452991453 0.0
0.0 0.4275641025641026 0.0
0.0 0.4396367521367522 0.0
0.0 0.4517094017094017 0.0
0.0 0.4637820512820513 0.0
0.0 0.4758547008547009 0.0
0.0 0.48792735042735047 0.0
0.0 0.5 0.0
40
0.0 -0.014583333333333325 -0.025259074277046125
0.0 -0.02061965811965811 -0.03571429549794801
0.0 -0.026655982905982895 -0.04616951671884988
0.0 -0.03269230769230768 -0.056624737939751764
0.0 -0.038728632478632466 -0.06707995916065364
0.0 -0.044764957264957245 -0.07753518038155552
0.0 -0.05080128205128203 -0.0879904016024574
0.0 -0.05683760683760681 -0.09844562282335927
0.0 -0.0628739316239316 -0.10890084404426115
0.0 -0.06891025641025639 -0.11935606526516304
0.0 -0.07494658119658117 -0.1298112864860649
0.0 -0.08098290598290594 -0.14026650770696678
0.0 -0.08701923076923074 -0.15072172892786867
0.0 -0.09305555555555552 -0.16117695014877054
0.0 -0.09909188034188031 -0.17163217136967243
0.0 -0.10512820512820509 -0.1820873925905743
0.0 -0.11116452991452987 -0.1925426138114762
0.0 -0.11720085470085466 -0.20299783503237806
0.0 -0.12323717948717944 -0.21345305625327993
0.0 -0.12927350427350423 -0.22390827747418182
0.0 -0.135309829059829 -0.23436349869508366
0.0 -0.1413461538461538 -0.24481871991598556
0.0 -0.14738247863247858 -0.25527394113688745
0.0 -0.15341880341880337 -0.2657291623577893
0.0 -0.15945512820512814 -0.27618438357869124
0.0 -0.16549145299145293 -0.2866396047995931
0.0 -0.1715277777777777 -0.297094826020495
0.0 -0.1775641025641025 -0.30755004724139684
0.0 -0.18360042735042728 -0.3180052684622987
0.0 -0.18963675213675207 -0.32846048968320063
0.0 -0.19567307692307684 -0.33891571090410244
0.0 -0.20170940170940163 -0.34937093212500436
0.0 -0.20774572649572642 -0.35982615334590623
0.0 -0.21378205128205122 -0.3702813745668081
0.0 -0.21981837606837598 -0.38073659578771
0.0 -0.22585470085470075 -0.39119181700861183
0.0 -0.23189102564102554 -0.40164703822951375
0.0 -0.23792735042735033 -0.4121022594504156
0.0 -0.24396367521367512 -0.4225574806713175
0.0 -0.2499999999999999 -0.43301270189221935
40
0.0 -0.014583333333333344 0.02525907427704612
0.0 -0.020619658119658137 0.035714295497947995
0.0 -0.02665598290598293 0.04616951671884987
0.0 -0.03269230769230772 0.05662473793975175
0.0 -0.038728632478632515 0.06707995916065362
0.0 -0.04476495726495731 0.0775351803815555
0.0 -0.0508012820512821 0.08799040160245737
0.0 -0.056837606837606885 0.09844562282335925
0.0 -0.06287393162393168 0.10890084404426112
0.0 -0.06891025641025647 0.119356065265163
0.0 -0.07494658119658126 0.12981128648606485
0.0 -0.08098290598290606 0.14026650770696675
0.0 -0.08701923076923086 0.15072172892786864
0.0 -0.09305555555555564 0.1611769501487705
0.0 -0.09909188034188043 0.17163217136967238
0.0 -0.10512820512820523 0.18208739259057424
0.0 -0.11116452991453002 0.19254261381147614
0.0 -0.11720085470085483 0.20299783503237803
0.0 -0.1232371794871796 0.21345305625327987
0.0 -0.1292735042735044 0.22390827747418177
0.0 -0.13530982905982916 0.2343634986950836
0.0 -0.14134615384615398 0.2448187199159855
0.0 -0.14738247863247878 0.2552739411368874
0.0 -0.15341880341880357 0.26572916235778926
0.0 -0.15945512820512836 0.27618438357869113
0.0 -0.16549145299145315 0.28663960479959305
0.0 -0.17152777777777792 0.29709482602049486
0.0 -0.17756410256410274 0.3075500472413968
0.0 -0.18360042735042753 0.31800526846229865
0.0 -0.18963675213675232 0.3284604896832005
0.0 -0.1956730769230771 0.3389157109041024
0.0 -0.20170940170940188 0.34937093212500425
0.0 -0.2077457264957267 0.3598261533459061
0.0 -0.2137820512820515 0.37028137456680804
0.0 -0.2198183760683763 0.3807365957877099
0.0 -0.22585470085470105 0.3911918170086118
0.0 -0.23189102564102584 0.40164703822951364
0.0 -0.23792735042735066 0.4121022594504155
0.0 -0.24396367521367546 0.42255748067131743
0.0 -0.2500000000000002 0.43301270189221924
