Turbine type: Clipper 2.5 MW
Airfoil type: Circular
7
0.0 9.5 0.024999999999999998
0.029166666666666664 9.5 0.024999999999999998
0.039843750000000004 9.5 0.024843749999999998
0.051562500000000004 9.5 0.02353125
0.07239583333333334 9.5 0.024354166666666666
0.09322916666666665 9.5 0.024364583333333332
0.1125 9.5 0.029666666666666664
Turbine type: Clipper 2.5 MW
Airfoil type: DU 97-W-300
11
0.1125 9.5 0.029666666666666664
0.13671875 9.5 0.038625
0.14640625 8.3 0.03825
0.16093749999999998 7.3 0.035604166666666666
0.17305208333333333 6.4 0.03329166666666667
0.18515625 5.6 0.03127083333333333
0.1972708333333333 4.9 0.029510416666666667
0.209375 4.3 0.02798958333333333
0.22148958333333335 3.8 0.026677083333333334
0.23359375000000002 3.3 0.025541666666666667
0.24570833333333333 2.9 0.0245625
Turbine type: Clipper 2.5 MW
Airfoil type: DU 91-W2-250
11
0.24570833333333333 2.9 0.0245625
0.2578125 2.6 0.02370833333333333
0.2699270833333333 2.3 0.022947916666666665
0.28203125 2.1 0.022270833333333333
0.29414583333333333 1.8 0.021645833333333333
0.30624999999999997 1.6 0.021020833333333332
0.31836458333333334 1.4 0.020395833333333332
0.33046875000000003 1.2 0.01977083333333333
0.3425833333333333 0.9 0.019145833333333334
0.3546875 0.7 0.018520833333333334
0.36680208333333336 0.5 0.017895833333333333
Turbine type: Clipper 2.5 MW
Airfoil type: DU 93-W-210
9
0.36680208333333336 0.5 0.017895833333333333
0.37890625 0.2 0.017270833333333332
0.3910208333333333 0.0 0.016645833333333335
0.403125 -0.2 0.016020833333333335
0.41523958333333333 -0.5 0.015395833333333333
0.42734374999999997 -0.7 0.014770833333333332
0.43945833333333334 -0.9 0.014145833333333335
0.45156250000000003 -1.2 0.013520833333333334
0.4636770833333333 -1.6 0.012895833333333334
Turbine type: Clipper 2.5 MW
Airfoil type: DU 96-W-180
4
0.4636770833333333 -1.6 0.012895833333333334
0.47578125 -1.6 0.012270833333333333
0.4903125 -1.9 0.011520833333333334
0.5 -1.9 0.011520833333333334
