Turbine type: Clipper 2.5 MW
Airfoil type: DU 91-W2-250
11
0.24570833333333333 2.9 0.0245625
0.2578125 2.6 0.02370833333333333
0.2699270833333333 2.3 0.022947916666666665
0.28203125 2.1 0.022270833333333333
0.29414583333333333 1.8 0.021645833333333333
0.30624999999999997 1.6 0.021020833333333332
0.31836458333333334 1.4 0.020395833333333332
0.33046875000000003 1.2 0.01977083333333333
0.3425833333333333 0.9 0.019145833333333334
0.3546875 0.7 0.018520833333333334
0.36680208333333336 0.5 0.017895833333333333
