             16847907
             33695815
             50543722
             67391630
             84239537
            101087445
            117935352
            134783260
            151631167
            168479075
            185326982
            202174890
            219022797
            235870705
            252718612
            269566520
            286414428
            303262335
            320110243
            336958150
            353806058
            370653965
            387501873
            404349780
            421197688
            438045595
            454893503
            471741410
            488589318
            505437225
            522285133
            539133040
            555980948
            572828856
            589676763
            606524671
            623372578
            640220486
            657068393
            673916301
            690764208
            707612116
            724460023
            741307931
            758155838
            775003746
            791851653
            808699561
            825547468
            842395376
            859243284
            876091191
            892939099
            909787006
