variables=k,zz, dz, ratio, zw
    0.65000000000000E+02    0.10000000000000E+01    0.13478643450061E-01    0.00000000000000E+00
    0.10269572869001E+01
    0.64000000000000E+02    0.98652135654994E+00    0.13478643450061E-01    0.99999999999999E+00
    0.10000000000000E+01
    0.63000000000000E+02    0.95956406964982E+00    0.26957286900123E-01    0.50000000000000E+00
    0.97304271309988E+00
    0.62000000000000E+02    0.93260678274969E+00    0.26957286900123E-01    0.10000000000000E+01
    0.94608542619975E+00
    0.61000000000000E+02    0.90564949584957E+00    0.26957286900123E-01    0.10000000000000E+01
    0.91912813929963E+00
    0.60000000000000E+02    0.87915988548941E+00    0.26489610360160E-01    0.10176550932084E+01
    0.89240469066949E+00
    0.59000000000000E+02    0.85312983804313E+00    0.26030047446276E-01    0.10176550932084E+01
    0.86614486176627E+00
    0.58000000000000E+02    0.82755138064633E+00    0.25578457396808E-01    0.10176550932084E+01
    0.84034060934473E+00
    0.57000000000000E+02    0.80241667875419E+00    0.25134701892137E-01    0.10176550932084E+01
    0.81498402970026E+00
    0.56000000000000E+02    0.77771803374187E+00    0.24698645012322E-01    0.10176550932084E+01
    0.79006735624803E+00
    0.55000000000000E+02    0.75344788054639E+00    0.24270153195474E-01    0.10176550932084E+01
    0.76558295714413E+00
    0.54000000000000E+02    0.72959878534956E+00    0.23849095196837E-01    0.10176550932084E+01
    0.74152333294797E+00
    0.53000000000000E+02    0.70616344330096E+00    0.23435342048598E-01    0.10176550932084E+01
    0.71788111432526E+00
    0.52000000000000E+02    0.68313467628058E+00    0.23028767020378E-01    0.10176550932084E+01
    0.69464905979077E+00
    0.51000000000000E+02    0.66050543070016E+00    0.22629245580420E-01    0.10176550932084E+01
    0.67182005349037E+00
    0.50000000000000E+02    0.63826877534272E+00    0.22236655357441E-01    0.10176550932084E+01
    0.64938710302144E+00
    0.49000000000000E+02    0.61641789923957E+00    0.21850876103154E-01    0.10176550932084E+01
    0.62734333729114E+00
    0.48000000000000E+02    0.59494610958413E+00    0.21471789655436E-01    0.10176550932084E+01
    0.60568200441185E+00
    0.47000000000000E+02    0.57384682968200E+00    0.21099279902133E-01    0.10176550932084E+01
    0.58439646963306E+00
    0.46000000000000E+02    0.55311359693650E+00    0.20733232745500E-01    0.10176550932084E+01
    0.56348021330925E+00
    0.45000000000000E+02    0.53274006086925E+00    0.20373536067247E-01    0.10176550932084E+01
    0.54292682890287E+00
    0.44000000000000E+02    0.51271998117504E+00    0.20020079694206E-01    0.10176550932084E+01
    0.52273002102215E+00
    0.43000000000000E+02    0.49304722581047E+00    0.19672755364578E-01    0.10176550932084E+01
    0.50288360349275E+00
    0.42000000000000E+02    0.47371576911569E+00    0.19331456694777E-01    0.10176550932084E+01
    0.48338149746308E+00
    0.41000000000000E+02    0.45471968996884E+00    0.18996079146845E-01    0.10176550932084E+01
    0.46421772954227E+00
    0.40000000000000E+02    0.43605316997241E+00    0.18666519996432E-01    0.10176550932084E+01
    0.44538642997063E+00
    0.39000000000000E+02    0.41771049167108E+00    0.18342678301330E-01    0.10176550932084E+01
    0.42688183082175E+00
    0.38000000000000E+02    0.39968603680052E+00    0.18024454870559E-01    0.10176550932084E+01
    0.40869826423580E+00
    0.37000000000000E+02    0.38197428456654E+00    0.17711752233984E-01    0.10176550932084E+01
    0.39083016068353E+00
    0.36000000000000E+02    0.36889391410439E+00    0.13080370462153E-01    0.13540711469320E+01
    0.37543409933546E+00
    0.35000000000000E+02    0.35596443149159E+00    0.12929482612792E-01    0.10116700608895E+01
    0.36242917279799E+00
    0.34000000000000E+02    0.34318409617019E+00    0.12780335321403E-01    0.10116700608895E+01
    0.34957426383089E+00
    0.33000000000000E+02    0.33055118766031E+00    0.12632908509881E-01    0.10116700608895E+01
    0.33686764191525E+00
    0.32000000000000E+02    0.31806400532858E+00    0.12487182331731E-01    0.10116700608895E+01
    0.32430759649445E+00
    0.31000000000000E+02    0.30572086815918E+00    0.12343137169396E-01    0.10116700608895E+01
    0.31189243674388E+00
    0.30000000000000E+02    0.29352011452757E+00    0.12200753631617E-01    0.10116700608895E+01
    0.29962049134337E+00
    0.29000000000000E+02    0.28146010197674E+00    0.12060012550821E-01    0.10116700608895E+01
    0.28749010825216E+00
    0.28000000000000E+02    0.26953920699620E+00    0.11920894980540E-01    0.10116700608895E+01
    0.27549965448647E+00
    0.27000000000000E+02    0.25775582480334E+00    0.11783382192865E-01    0.10116700608895E+01
    0.26364751589977E+00
    0.26000000000000E+02    0.24610836912742E+00    0.11647455675919E-01    0.10116700608895E+01
    0.25193209696538E+00
    0.25000000000000E+02    0.23459527199605E+00    0.11513097131369E-01    0.10116700608895E+01
    0.24035182056174E+00
    0.24000000000000E+02    0.22321498352409E+00    0.11380288471961E-01    0.10116700608895E+01
    0.22890512776007E+00
    0.23000000000000E+02    0.21196597170500E+00    0.11249011819086E-01    0.10116700608895E+01
    0.21759047761455E+00
    0.22000000000000E+02    0.20084672220463E+00    0.11119249500370E-01    0.10116700608895E+01
    0.20640634695482E+00
    0.21000000000000E+02    0.18985573815733E+00    0.10990984047303E-01    0.10116700608895E+01
    0.19535123018098E+00
    0.20000000000000E+02    0.17899153996445E+00    0.10864198192876E-01    0.10116700608895E+01
    0.18442363906089E+00
    0.19000000000000E+02    0.16825266509519E+00    0.10738874869267E-01    0.10116700608895E+01
    0.17362210252982E+00
    0.18000000000000E+02    0.15763766788965E+00    0.10614997205536E-01    0.10116700608895E+01
    0.16294516649242E+00
    0.17000000000000E+02    0.14714511936429E+00    0.10492548525359E-01    0.10116700608895E+01
    0.15239139362697E+00
    0.16000000000000E+02    0.13677360701951E+00    0.10371512344779E-01    0.10116700608895E+01
    0.14195936319190E+00
    0.15000000000000E+02    0.12652173464952E+00    0.10251872369990E-01    0.10116700608895E+01
    0.13164767083452E+00
    0.14000000000000E+02    0.11638812215438E+00    0.10133612495141E-01    0.10116700608895E+01
    0.12145492840195E+00
    0.13000000000000E+02    0.10637140535421E+00    0.10016716800169E-01    0.10116700608895E+01
    0.11137976375430E+00
    0.12000000000000E+02    0.96470235805555E-01    0.99011695486592E-02    0.10116700608895E+01
    0.10142082057988E+00
    0.11000000000000E+02    0.86683280619836E-01    0.97869551857188E-02    0.10116700608895E+01
    0.91576758212696E-01
    0.10000000000000E+02    0.77009222283946E-01    0.96740583358903E-02    0.10116700608895E+01
    0.81846251451891E-01
    0.90000000000000E+01    0.67446758482868E-01    0.95624638010779E-02    0.10116700608895E+01
    0.72227990383407E-01
    0.80000000000000E+01    0.57994601924365E-01    0.94521565585029E-02    0.10116700608895E+01
    0.62720680203617E-01
    0.70000000000000E+01    0.48651480165684E-01    0.93431217586809E-02    0.10116700608895E+01
    0.53323041045025E-01
    0.60000000000000E+01    0.39094939418854E-01    0.95565407468309E-02    0.97766775721427E+00
    0.43873209792269E-01
    0.50000000000000E+01    0.30407175103553E-01    0.86877643153008E-02    0.11000000000000E+01
    0.34751057261203E-01
    0.40000000000000E+01    0.21719410788252E-01    0.86877643153008E-02    0.10000000000000E+01
    0.26063292945902E-01
    0.30000000000000E+01    0.13031646472951E-01    0.86877643153008E-02    0.10000000000000E+01
    0.17375528630602E-01
    0.20000000000000E+01    0.43438821576504E-02    0.86877643153008E-02    0.10000000000000E+01
    0.86877643153008E-02
    0.10000000000000E+01    0.00000000000000E+00    0.43438821576504E-02    0.20000000000000E+01
    0.00000000000000E+00
