40
0.0 0.0291666666667 0.0
0.0 0.0412393162393 0.0
0.0 0.053311965812 0.0
0.0 0.0653846153846 0.0
0.0 0.0774572649573 0.0
0.0 0.0895299145299 0.0
0.0 0.101602564103 0.0
0.0 0.113675213675 0.0
0.0 0.125747863248 0.0
0.0 0.137820512821 0.0
0.0 0.149893162393 0.0
0.0 0.161965811966 0.0
0.0 0.174038461538 0.0
0.0 0.186111111111 0.0
0.0 0.198183760684 0.0
0.0 0.210256410256 0.0
0.0 0.222329059829 0.0
0.0 0.234401709402 0.0
0.0 0.246474358974 0.0
0.0 0.258547008547 0.0
0.0 0.27061965812 0.0
0.0 0.282692307692 0.0
0.0 0.294764957265 0.0
0.0 0.306837606838 0.0
0.0 0.31891025641 0.0
0.0 0.330982905983 0.0
0.0 0.343055555556 0.0
0.0 0.355128205128 0.0
0.0 0.367200854701 0.0
0.0 0.379273504274 0.0
0.0 0.391346153846 0.0
0.0 0.403418803419 0.0
0.0 0.415491452991 0.0
0.0 0.427564102564 0.0
0.0 0.439636752137 0.0
0.0 0.451709401709 0.0
0.0 0.463782051282 0.0
0.0 0.475854700855 0.0
0.0 0.487927350427 0.0
0.0 0.5 0.0
40
0.0 -0.0145833333333 -0.025259074277
0.0 -0.0206196581197 -0.0357142954979
0.0 -0.026655982906 -0.0461695167188
0.0 -0.0326923076923 -0.0566247379398
0.0 -0.0387286324786 -0.0670799591607
0.0 -0.044764957265 -0.0775351803816
0.0 -0.0508012820513 -0.0879904016025
0.0 -0.0568376068376 -0.0984456228234
0.0 -0.0628739316239 -0.108900844044
0.0 -0.0689102564103 -0.119356065265
0.0 -0.0749465811966 -0.129811286486
0.0 -0.0809829059829 -0.140266507707
0.0 -0.0870192307692 -0.150721728928
0.0 -0.0930555555556 -0.161176950149
0.0 -0.0990918803419 -0.17163217137
0.0 -0.105128205128 -0.182087392591
0.0 -0.111164529915 -0.192542613811
0.0 -0.117200854701 -0.202997835032
0.0 -0.123237179487 -0.213453056253
0.0 -0.129273504274 -0.223908277474
0.0 -0.13530982906 -0.234363498695
0.0 -0.141346153846 -0.244818719916
0.0 -0.147382478632 -0.255273941137
0.0 -0.153418803419 -0.265729162358
0.0 -0.159455128205 -0.276184383579
0.0 -0.165491452991 -0.2866396048
0.0 -0.171527777778 -0.29709482602
0.0 -0.177564102564 -0.307550047241
0.0 -0.18360042735 -0.318005268462
0.0 -0.189636752137 -0.328460489683
0.0 -0.195673076923 -0.338915710904
0.0 -0.201709401709 -0.349370932125
0.0 -0.207745726496 -0.359826153346
0.0 -0.213782051282 -0.370281374567
0.0 -0.219818376068 -0.380736595788
0.0 -0.225854700855 -0.391191817009
0.0 -0.231891025641 -0.40164703823
0.0 -0.237927350427 -0.41210225945
0.0 -0.243963675214 -0.422557480671
0.0 -0.25 -0.433012701892
40
0.0 -0.0145833333333 0.025259074277
0.0 -0.0206196581197 0.0357142954979
0.0 -0.026655982906 0.0461695167188
0.0 -0.0326923076923 0.0566247379398
0.0 -0.0387286324786 0.0670799591607
0.0 -0.044764957265 0.0775351803816
0.0 -0.0508012820513 0.0879904016025
0.0 -0.0568376068376 0.0984456228234
0.0 -0.0628739316239 0.108900844044
0.0 -0.0689102564103 0.119356065265
0.0 -0.0749465811966 0.129811286486
0.0 -0.0809829059829 0.140266507707
0.0 -0.0870192307692 0.150721728928
0.0 -0.0930555555556 0.161176950149
0.0 -0.0990918803419 0.17163217137
0.0 -0.105128205128 0.182087392591
0.0 -0.111164529915 0.192542613811
0.0 -0.117200854701 0.202997835032
0.0 -0.123237179487 0.213453056253
0.0 -0.129273504274 0.223908277474
0.0 -0.13530982906 0.234363498695
0.0 -0.141346153846 0.244818719916
0.0 -0.147382478632 0.255273941137
0.0 -0.153418803419 0.265729162358
0.0 -0.159455128205 0.276184383579
0.0 -0.165491452991 0.2866396048
0.0 -0.171527777778 0.29709482602
0.0 -0.177564102564 0.307550047241
0.0 -0.18360042735 0.318005268462
0.0 -0.189636752137 0.328460489683
0.0 -0.195673076923 0.338915710904
0.0 -0.201709401709 0.349370932125
0.0 -0.207745726496 0.359826153346
0.0 -0.213782051282 0.370281374567
0.0 -0.219818376068 0.380736595788
0.0 -0.225854700855 0.391191817009
0.0 -0.231891025641 0.40164703823
0.0 -0.237927350427 0.41210225945
0.0 -0.243963675214 0.422557480671
0.0 -0.25 0.433012701892
