Turbine type: Clipper 2.5 MW
Airfoil type: Circular
7
0.0 9.5 0.025
0.0291666666667 9.5 0.025
0.03984375 9.5 0.02484375
0.0515625 9.5 0.02353125
0.0723958333333 9.5 0.0243541666667
0.0932291666667 9.5 0.0243645833333
0.1125 9.5 0.0296666666667
Turbine type: Clipper 2.5 MW
Airfoil type: DU 97-W-300
11
0.1125 9.5 0.0296666666667
0.13671875 9.5 0.038625
0.14640625 8.3 0.03825
0.1609375 7.3 0.0356041666667
0.173052083333 6.4 0.0332916666667
0.18515625 5.6 0.0312708333333
0.197270833333 4.9 0.0295104166667
0.209375 4.3 0.0279895833333
0.221489583333 3.8 0.0266770833333
0.23359375 3.3 0.0255416666667
0.245708333333 2.9 0.0245625
Turbine type: Clipper 2.5 MW
Airfoil type: DU 91-W2-250
11
0.245708333333 2.9 0.0245625
0.2578125 2.6 0.0237083333333
0.269927083333 2.3 0.0229479166667
0.28203125 2.1 0.0222708333333
0.294145833333 1.8 0.0216458333333
0.30625 1.6 0.0210208333333
0.318364583333 1.4 0.0203958333333
0.33046875 1.2 0.0197708333333
0.342583333333 0.9 0.0191458333333
0.3546875 0.7 0.0185208333333
0.366802083333 0.5 0.0178958333333
Turbine type: Clipper 2.5 MW
Airfoil type: DU 93-W-210
9
0.366802083333 0.5 0.0178958333333
0.37890625 0.2 0.0172708333333
0.391020833333 0.0 0.0166458333333
0.403125 -0.2 0.0160208333333
0.415239583333 -0.5 0.0153958333333
0.42734375 -0.7 0.0147708333333
0.439458333333 -0.9 0.0141458333333
0.4515625 -1.2 0.0135208333333
0.463677083333 -1.6 0.0128958333333
Turbine type: Clipper 2.5 MW
Airfoil type: DU 96-W-180
4
0.463677083333 -1.6 0.0128958333333
0.47578125 -1.6 0.0122708333333
0.4903125 -1.9 0.0115208333333
0.5 -1.9 0.0115208333333
