39
0.0 0.0336936171137 0.0
0.0 0.0404323378436 0.0
0.0 0.0464971869494 0.0
0.0 0.0532359031913 0.0
0.0 0.0606484910574 0.0
0.0 0.0673872521793 0.0
0.0 0.0741259684212 0.0
0.0 0.0815385562874 0.0
0.0 0.0889511441535 0.0
0.0 0.0970376036439 0.0
0.0 0.105124063134 0.0
0.0 0.113884439129 0.0
0.0 0.122644770243 0.0
0.0 0.131405101358 0.0
0.0 0.140839304096 0.0
0.0 0.150273506835 0.0
0.0 0.159707754454 0.0
0.0 0.170489700441 0.0
0.0 0.180597774804 0.0
0.0 0.190705849167 0.0
0.0 0.202161711658 0.0
0.0 0.214291400893 0.0
0.0 0.225073346881 0.0
0.0 0.23787690774 0.0
0.0 0.25068051348 0.0
0.0 0.264157945964 0.0
0.0 0.277635378448 0.0
0.0 0.291786727436 0.0
0.0 0.305938031544 0.0
0.0 0.320089335652 0.0
0.0 0.335588383008 0.0
0.0 0.350413603621 0.0
0.0 0.366586522601 0.0
0.0 0.381411698334 0.0
0.0 0.39691079057 0.0
0.0 0.412409837926 0.0
0.0 0.428582801787 0.0
0.0 0.444081849143 0.0
0.0 0.448798950513 0.0
39
0.0 -0.0168468085568 0.0291795283658
0.0 -0.0202161689218 0.035015431707
0.0 -0.0232485934747 0.0402677451027
0.0 -0.0266179515957 0.0461036445571
0.0 -0.0303242455287 0.0525231339569
0.0 -0.0336936260896 0.0583590722785
0.0 -0.0370629842106 0.0641949717329
0.0 -0.0407692781437 0.0706144611328
0.0 -0.0444755720768 0.0770339505326
0.0 -0.0485188018219 0.084037029878
0.0 -0.0525620315671 0.0910401092233
0.0 -0.0569422195643 0.0986268173811
0.0 -0.0613223851216 0.106213486672
0.0 -0.0657025506789 0.113800155963
0.0 -0.0704196520482 0.121970415199
0.0 -0.0751367534176 0.130140674435
0.0 -0.0798538772269 0.138310972538
0.0 -0.0852448502205 0.147648411665
0.0 -0.0902988874019 0.156402260847
0.0 -0.0953529245834 0.165156110029
0.0 -0.101080855829 0.175077177968
0.0 -0.107145700447 0.185581796986
0.0 -0.11253667344 0.194919236113
0.0 -0.11893845387 0.206007445077
0.0 -0.12534025674 0.217095692907
0.0 -0.132078972982 0.228767491816
0.0 -0.138817689224 0.240439290725
0.0 -0.145893363718 0.252694718446
0.0 -0.152969015772 0.264950107301
0.0 -0.160044667826 0.277205496155
0.0 -0.167794191504 0.2906280649
0.0 -0.17520680181 0.303467082567
0.0 -0.183293261301 0.317473241258
0.0 -0.190705849167 0.330312220057
0.0 -0.198455395285 0.34373482767
0.0 -0.206204918963 0.357157396415
0.0 -0.214291400893 0.371163593973
0.0 -0.222040924572 0.384586162718
0.0 -0.224399475256 0.388671292336
39
0.0 -0.0168468085568 -0.0291795283658
0.0 -0.0202161689218 -0.035015431707
0.0 -0.0232485934747 -0.0402677451027
0.0 -0.0266179515957 -0.0461036445571
0.0 -0.0303242455287 -0.0525231339569
0.0 -0.0336936260896 -0.0583590722785
0.0 -0.0370629842106 -0.0641949717329
0.0 -0.0407692781437 -0.0706144611328
0.0 -0.0444755720768 -0.0770339505326
0.0 -0.0485188018219 -0.084037029878
0.0 -0.0525620315671 -0.0910401092233
0.0 -0.0569422195643 -0.0986268173811
0.0 -0.0613223851216 -0.106213486672
0.0 -0.0657025506789 -0.113800155963
0.0 -0.0704196520482 -0.121970415199
0.0 -0.0751367534176 -0.130140674435
0.0 -0.0798538772269 -0.138310972538
0.0 -0.0852448502205 -0.147648411665
0.0 -0.0902988874019 -0.156402260847
0.0 -0.0953529245834 -0.165156110029
0.0 -0.101080855829 -0.175077177968
0.0 -0.107145700447 -0.185581796986
0.0 -0.11253667344 -0.194919236113
0.0 -0.11893845387 -0.206007445077
0.0 -0.12534025674 -0.217095692907
0.0 -0.132078972982 -0.228767491816
0.0 -0.138817689224 -0.240439290725
0.0 -0.145893363718 -0.252694718446
0.0 -0.152969015772 -0.264950107301
0.0 -0.160044667826 -0.277205496155
0.0 -0.167794191504 -0.2906280649
0.0 -0.17520680181 -0.303467082567
0.0 -0.183293261301 -0.317473241258
0.0 -0.190705849167 -0.330312220057
0.0 -0.198455395285 -0.34373482767
0.0 -0.206204918963 -0.357157396415
0.0 -0.214291400893 -0.371163593973
0.0 -0.222040924572 -0.384586162718
0.0 -0.224399475256 -0.388671292336
