# Turbine type: recompiled Vestas V80 for Horns Rev 1
# Airfoil type:
39
0.033694 18.969800 0.027024
0.040432 18.188280 0.030025
0.046497 17.442270 0.032545
0.053236 16.696270 0.034643
0.060648 15.950270 0.036703
0.067387 15.204260 0.038184
0.074126 14.493780 0.039075
0.081539 13.747780 0.039847
0.088951 13.037300 0.040256
0.097038 12.291300 0.040256
0.105124 11.580820 0.040070
0.113884 10.834810 0.039647
0.122645 10.124330 0.038976
0.131405 9.449378 0.038079
0.140839 8.738899 0.037040
0.150274 8.063943 0.035841
0.159708 7.388988 0.034554
0.170490 6.714032 0.033082
0.180598 6.110124 0.031692
0.190706 5.541741 0.030235
0.202162 4.937833 0.028600
0.214291 4.333925 0.027001
0.225073 3.836590 0.025584
0.237877 3.268206 0.023994
0.250681 2.806394 0.022480
0.264158 2.344583 0.021054
0.277635 1.918295 0.019755
0.291787 1.527531 0.018475
0.305938 1.207815 0.017412
0.320089 0.923623 0.016393
0.335588 0.639432 0.015385
0.350414 0.426288 0.014508
0.366587 0.284192 0.013467
0.381412 0.142096 0.012404
0.396911 0.071048 0.010912
0.412410 0.035524 0.008848
0.428583 0.000000 0.005787
0.444082 0.035524 0.001426
0.448799 0.000000 0.000000
