variables=k,zz, dz, ratio
    0.11300000000000E+03    0.10000000000000E+01    0.12766315169922E-01    0.00000000000000E+00
    0.11200000000000E+03    0.98723368483008E+00    0.12766315169922E-01    0.99999999999999E+00
    0.11100000000000E+03    0.96170105449023E+00    0.25532630339844E-01    0.50000000000000E+00
    0.11000000000000E+03    0.93616842415039E+00    0.25532630339844E-01    0.10000000000000E+01
    0.10900000000000E+03    0.91063579381055E+00    0.25532630339844E-01    0.10000000000000E+01
    0.10800000000000E+03    0.88590716705463E+00    0.24728626755914E-01    0.10325130704533E+01
    0.10700000000000E+03    0.86195722640637E+00    0.23949940648264E-01    0.10325130704533E+01
    0.10600000000000E+03    0.83876145161802E+00    0.23195774788350E-01    0.10325130704534E+01
    0.10500000000000E+03    0.81629609456625E+00    0.22465357051766E-01    0.10325130704533E+01
    0.10400000000000E+03    0.79453815493852E+00    0.21757939627730E-01    0.10325130704533E+01
    0.10300000000000E+03    0.77346535668506E+00    0.21072798253466E-01    0.10325130704533E+01
    0.10200000000000E+03    0.75305612521236E+00    0.20409231472696E-01    0.10325130704533E+01
    0.10100000000000E+03    0.73328956529488E+00    0.19766559917478E-01    0.10325130704534E+01
    0.10000000000000E+03    0.71414543968222E+00    0.19144125612666E-01    0.10325130704533E+01
    0.99000000000000E+02    0.69560414837996E+00    0.18541291302260E-01    0.10325130704534E+01
    0.98000000000000E+02    0.67764670858298E+00    0.17957439796979E-01    0.10325130704533E+01
    0.97000000000000E+02    0.66025473524060E+00    0.17391973342376E-01    0.10325130704533E+01
    0.96000000000000E+02    0.64341042223376E+00    0.16844313006846E-01    0.10325130704533E+01
    0.95000000000000E+02    0.62709652414484E+00    0.16313898088912E-01    0.10325130704533E+01
    0.94000000000000E+02    0.61129633860167E+00    0.15800185543171E-01    0.10325130704533E+01
    0.93000000000000E+02    0.59599368917736E+00    0.15302649424316E-01    0.10325130704533E+01
    0.92000000000000E+02    0.58117290882869E+00    0.14820780348666E-01    0.10325130704533E+01
    0.91000000000000E+02    0.56681882385603E+00    0.14354084972656E-01    0.10325130704534E+01
    0.90000000000000E+02    0.55291673836829E+00    0.13902085487745E-01    0.10325130704533E+01
    0.89000000000000E+02    0.53945241923706E+00    0.13464319131225E-01    0.10325130704533E+01
    0.88000000000000E+02    0.52641208152462E+00    0.13040337712445E-01    0.10325130704533E+01
    0.87000000000000E+02    0.51378237437068E+00    0.12629707153944E-01    0.10325130704533E+01
    0.86000000000000E+02    0.50155036732364E+00    0.12232007047038E-01    0.10325130704534E+01
    0.85000000000000E+02    0.48970353710224E+00    0.11846830221400E-01    0.10325130704534E+01
    0.84000000000000E+02    0.47822975477404E+00    0.11473782328197E-01    0.10325130704533E+01
    0.83000000000000E+02    0.46711727333770E+00    0.11112481436346E-01    0.10325130704533E+01
    0.82000000000000E+02    0.45635471569621E+00    0.10762557641490E-01    0.10325130704533E+01
    0.81000000000000E+02    0.44593106300892E+00    0.10423652687287E-01    0.10325130704533E+01
    0.80000000000000E+02    0.43583564341030E+00    0.10095419598621E-01    0.10325130704533E+01
    0.79000000000000E+02    0.42605812108393E+00    0.97775223263646E-02    0.10325130704533E+01
    0.78000000000000E+02    0.41658848568060E+00    0.94696354033286E-02    0.10325130704533E+01
    0.77000000000000E+02    0.40741704206956E+00    0.91714436110439E-02    0.10325130704533E+01
    0.76000000000000E+02    0.39853440041252E+00    0.88826416570368E-02    0.10325130704534E+01
    0.75000000000000E+02    0.38993146655026E+00    0.86029338622675E-02    0.10325130704533E+01
    0.74000000000000E+02    0.38159943269185E+00    0.83320338584094E-02    0.10325130704533E+01
    0.73000000000000E+02    0.37352976839718E+00    0.80696642946622E-02    0.10325130704533E+01
    0.72000000000000E+02    0.36571421184339E+00    0.78155565537965E-02    0.10325130704533E+01
    0.71000000000000E+02    0.35814476136625E+00    0.75694504771400E-02    0.10325130704534E+01
    0.70000000000000E+02    0.35081366726802E+00    0.73310940982244E-02    0.10325130704533E+01
    0.69000000000000E+02    0.34371342388321E+00    0.71002433848179E-02    0.10325130704533E+01
    0.68000000000000E+02    0.33683676189412E+00    0.68766619890829E-02    0.10325130704534E+01
    0.67000000000000E+02    0.33017664088852E+00    0.66601210056001E-02    0.10325130704533E+01
    0.66000000000000E+02    0.32372624215151E+00    0.64503987370115E-02    0.10325130704533E+01
    0.65000000000000E+02    0.31747896168447E+00    0.62472804670447E-02    0.10325130704533E+01
    0.64000000000000E+02    0.31142840344378E+00    0.60505582406832E-02    0.10325130704534E+01
    0.63000000000000E+02    0.30556837279252E+00    0.58600306512600E-02    0.10325130704533E+01
    0.62000000000000E+02    0.29989287015827E+00    0.56755026342544E-02    0.10325130704533E+01
    0.61000000000000E+02    0.29439608489069E+00    0.54967852675826E-02    0.10325130704533E+01
    0.60000000000000E+02    0.28907238931251E+00    0.53236955781771E-02    0.10325130704534E+01
    0.59000000000000E+02    0.28391633295785E+00    0.51560563546567E-02    0.10325130704533E+01
    0.58000000000000E+02    0.27892263699196E+00    0.49936959658950E-02    0.10325130704533E+01
    0.57000000000000E+02    0.27408618880666E+00    0.48364481853023E-02    0.10325130704533E+01
    0.56000000000000E+02    0.26940203678601E+00    0.46841520206410E-02    0.10325130704534E+01
    0.55000000000000E+02    0.26486538523681E+00    0.45366515491996E-02    0.10325130704533E+01
    0.54000000000000E+02    0.26047158947866E+00    0.43937957581570E-02    0.10325130704534E+01
    0.53000000000000E+02    0.25621615108868E+00    0.42554383899739E-02    0.10325130704533E+01
    0.52000000000000E+02    0.25124108019376E+00    0.49750708949259E-02    0.85535231152467E+00
    0.51000000000000E+02    0.24626600929883E+00    0.49750708949259E-02    0.10000000000000E+01
    0.50000000000000E+02    0.24129093840391E+00    0.49750708949259E-02    0.99999999999999E+00
    0.49000000000000E+02    0.23631586750898E+00    0.49750708949259E-02    0.10000000000000E+01
    0.48000000000000E+02    0.23134079661405E+00    0.49750708949259E-02    0.10000000000000E+01
    0.47000000000000E+02    0.22636572571913E+00    0.49750708949259E-02    0.99999999999999E+00
    0.46000000000000E+02    0.22139065482420E+00    0.49750708949259E-02    0.10000000000000E+01
    0.45000000000000E+02    0.21641558392928E+00    0.49750708949259E-02    0.10000000000000E+01
    0.44000000000000E+02    0.21144051303435E+00    0.49750708949259E-02    0.99999999999999E+00
    0.43000000000000E+02    0.20646544213942E+00    0.49750708949259E-02    0.10000000000000E+01
    0.42000000000000E+02    0.20149037124450E+00    0.49750708949259E-02    0.10000000000000E+01
    0.41000000000000E+02    0.19651530034957E+00    0.49750708949259E-02    0.99999999999999E+00
    0.40000000000000E+02    0.19154022945465E+00    0.49750708949259E-02    0.10000000000000E+01
    0.39000000000000E+02    0.18656515855972E+00    0.49750708949259E-02    0.10000000000000E+01
    0.38000000000000E+02    0.18159008766480E+00    0.49750708949259E-02    0.99999999999999E+00
    0.37000000000000E+02    0.17661501676987E+00    0.49750708949259E-02    0.10000000000000E+01
    0.36000000000000E+02    0.17163994587494E+00    0.49750708949259E-02    0.99999999999999E+00
    0.35000000000000E+02    0.16666487498002E+00    0.49750708949259E-02    0.10000000000000E+01
    0.34000000000000E+02    0.16168980408509E+00    0.49750708949259E-02    0.10000000000000E+01
    0.33000000000000E+02    0.15671473319017E+00    0.49750708949259E-02    0.99999999999999E+00
    0.32000000000000E+02    0.15173966229524E+00    0.49750708949259E-02    0.10000000000000E+01
    0.31000000000000E+02    0.14676459140031E+00    0.49750708949259E-02    0.10000000000000E+01
    0.30000000000000E+02    0.14178952050539E+00    0.49750708949259E-02    0.99999999999999E+00
    0.29000000000000E+02    0.13681444961046E+00    0.49750708949259E-02    0.10000000000000E+01
    0.28000000000000E+02    0.13183937871554E+00    0.49750708949259E-02    0.10000000000000E+01
    0.27000000000000E+02    0.12686430782061E+00    0.49750708949259E-02    0.99999999999999E+00
    0.26000000000000E+02    0.12188923692568E+00    0.49750708949259E-02    0.10000000000000E+01
    0.25000000000000E+02    0.11691416603076E+00    0.49750708949259E-02    0.10000000000000E+01
    0.24000000000000E+02    0.11193909513583E+00    0.49750708949259E-02    0.10000000000000E+01
    0.23000000000000E+02    0.10696402424091E+00    0.49750708949259E-02    0.10000000000000E+01
    0.22000000000000E+02    0.10198895334598E+00    0.49750708949259E-02    0.10000000000000E+01
    0.21000000000000E+02    0.97013882451055E-01    0.49750708949259E-02    0.10000000000000E+01
    0.20000000000000E+02    0.92038811556129E-01    0.49750708949259E-02    0.10000000000000E+01
    0.19000000000000E+02    0.87063740661203E-01    0.49750708949259E-02    0.10000000000000E+01
    0.18000000000000E+02    0.82088669766277E-01    0.49750708949259E-02    0.10000000000000E+01
    0.17000000000000E+02    0.77113598871351E-01    0.49750708949259E-02    0.10000000000000E+01
    0.16000000000000E+02    0.72138527976426E-01    0.49750708949259E-02    0.10000000000000E+01
    0.15000000000000E+02    0.67163457081500E-01    0.49750708949259E-02    0.10000000000000E+01
    0.14000000000000E+02    0.62188386186574E-01    0.49750708949259E-02    0.10000000000000E+01
    0.13000000000000E+02    0.57213315291648E-01    0.49750708949259E-02    0.10000000000000E+01
    0.12000000000000E+02    0.52238244396722E-01    0.49750708949259E-02    0.10000000000000E+01
    0.11000000000000E+02    0.47263173501796E-01    0.49750708949259E-02    0.10000000000000E+01
    0.10000000000000E+02    0.42288102606870E-01    0.49750708949259E-02    0.10000000000000E+01
    0.90000000000000E+01    0.37313031711944E-01    0.49750708949259E-02    0.10000000000000E+01
    0.80000000000000E+01    0.32337960817018E-01    0.49750708949259E-02    0.10000000000000E+01
    0.70000000000000E+01    0.27362889922092E-01    0.49750708949259E-02    0.10000000000000E+01
    0.60000000000000E+01    0.22387819027167E-01    0.49750708949259E-02    0.10000000000000E+01
    0.50000000000000E+01    0.17412748132241E-01    0.49750708949259E-02    0.10000000000000E+01
    0.40000000000000E+01    0.12437677237315E-01    0.49750708949259E-02    0.10000000000000E+01
    0.30000000000000E+01    0.74626063423888E-02    0.49750708949259E-02    0.10000000000000E+01
    0.20000000000000E+01    0.24875354474629E-02    0.49750708949259E-02    0.10000000000000E+01
    0.10000000000000E+01    0.00000000000000E+00    0.24875354474629E-02    0.20000000000000E+01
