FACET FILE V3.0    9-May-17   16:41:58   exported from Pointwise V17.3R5
1
Grid
0, 0.00 0.00 0.00 0.00
534
 -1.957376145171613e-01   3.003036994289203e+00   5.694381638129161e-01 
 -2.088244694566209e-01   3.603573091740401e+00   6.355813741065283e-01 
 -2.173621453089671e-01   4.144126880853121e+00   6.918144434255743e-01 
 -2.217667667385305e-01   4.744752105062623e+00   7.393620016025886e-01 
 -2.247351640337696e-01   5.405359637610601e+00   7.863198349460968e-01 
 -2.231326558411901e-01   6.005984861820101e+00   8.210233391782223e-01 
 -2.179035997406599e-01   6.606610086029603e+00   8.429482000750079e-01 
 -2.109980208506367e-01   7.267306745335885e+00   8.624224740547077e-01 
 -2.023436554024463e-01   7.927914277883864e+00   8.738508269559602e-01 
 -1.909491517152217e-01   8.648682372286926e+00   8.764112300241689e-01 
 -1.792350746843649e-01   9.369361339931682e+00   8.746515751800223e-01 
 -1.660602287135885e-01   1.015011174267322e+01   8.676539362492599e-01 
 -1.526604813667483e-01   1.093095127217307e+01   8.549281535227908e-01 
 -1.392976179343780e-01   1.171170167491461e+01   8.369516766491854e-01 
 -1.253914822680287e-01   1.255252351275292e+01   8.157326858462282e-01 
 -1.120258703547890e-01   1.339343447734955e+01   7.907016046657935e-01 
 -9.901575428921434e-02   1.423425631518787e+01   7.635279949289853e-01 
 -8.617995619690559e-02   1.519522102321975e+01   7.320677003204796e-01 
 -7.516258009760723e-02   1.609611429615485e+01   7.021397678360142e-01 
 -6.505854271329405e-02   1.699700756908995e+01   6.705381451767122e-01 
 -5.485171156168626e-02   1.801804371221861e+01   6.348912580159388e-01 
 -4.546450903050991e-02   1.909906216368575e+01   5.999075835212544e-01 
 -3.814298947881869e-02   2.006002687171763e+01   5.687772199355595e-01 
 -3.047909242587066e-02   2.120120588503985e+01   5.337573456375958e-01 
 -2.452430843943025e-02   2.234238489836207e+01   5.002916512476751e-01 
 -1.919130495059651e-02   2.354354622002277e+01   4.687259767814971e-01 
 -1.473454659130269e-02   2.474470754168347e+01   4.399280940656309e-01 
 -1.097358464855959e-02   2.600602942519926e+01   4.115079259235618e-01 
 -8.177911360797983e-03   2.726726218195673e+01   3.878825790935546e-01 
 -5.887892279366405e-03   2.852849493871421e+01   3.652162790066362e-01 
 -3.825677346511252e-03   2.990987056566525e+01   3.427824462543124e-01 
 -2.405094444055604e-03   3.123126388427782e+01   3.232538052200490e-01 
 -1.488354603953486e-03   3.267271094632564e+01   3.000638223283462e-01 
 -6.854387496293165e-04   3.399401513817990e+01   2.763812275409311e-01 
 -3.014960249276010e-04   3.537539076513094e+01   2.431376097220399e-01 
 -1.222341157119271e-04   3.675676639208198e+01   1.971483514748340e-01 
 -0.000000000000000e+00   3.819821345412980e+01   1.289441375760641e-01 
 -1.970002814254160e-05   3.957958908108084e+01   3.177368322819997e-02 
 -0.000000000000000e+00   4.000000000000000e+01   2.228168957595717e-03 
  0.000000000000000e+00   4.000000000000000e+01  -6.684506872787150e-03 
  5.910008442762480e-05   3.957958908108084e+01  -9.532104968459991e-02 
  0.000000000000000e+00   3.819821345412980e+01  -3.868324127281923e-01 
  3.667023471357813e-04   3.675676639208198e+01  -5.914450544245021e-01 
  9.044880747828028e-04   3.537539076513094e+01  -7.294128291661195e-01 
  2.056316248887950e-03   3.399401513817990e+01  -8.291436826227936e-01 
  4.465063811860459e-03   3.267271094632564e+01  -9.001914669850386e-01 
  7.215283332166813e-03   3.123126388427782e+01  -9.697614156601471e-01 
  1.147703203953376e-02   2.990987056566525e+01  -1.028347338762937e+00 
  1.766367683809922e-02   2.852849493871421e+01  -1.095648837019909e+00 
  2.453373408239395e-02   2.726726218195673e+01  -1.163647737280664e+00 
  3.292075394567877e-02   2.600602942519926e+01  -1.234523777770685e+00 
  4.420363977390807e-02   2.474470754168347e+01  -1.319784282196893e+00 
  5.757391485178954e-02   2.354354622002277e+01  -1.406177930344491e+00 
  7.357292531829075e-02   2.234238489836207e+01  -1.500874953743025e+00 
  9.143727727761197e-02   2.120120588503985e+01  -1.601272036912788e+00 
  1.144289684364561e-01   2.006002687171763e+01  -1.706331659806678e+00 
  1.363935270915297e-01   1.909906216368575e+01  -1.799722750563763e+00 
  1.645551346850588e-01   1.801804371221861e+01  -1.904673774047817e+00 
  1.951756281398821e-01   1.699700756908995e+01  -2.011614435530136e+00 
  2.254877402928217e-01   1.609611429615485e+01  -2.106419303508043e+00 
  2.585398685907168e-01   1.519522102321975e+01  -2.196203100961439e+00 
  2.970472628676431e-01   1.423425631518787e+01  -2.290583984786956e+00 
  3.360776110643670e-01   1.339343447734955e+01  -2.372104813997380e+00 
  3.761744468040860e-01   1.255252351275292e+01  -2.447198057538684e+00 
  4.178928538031340e-01   1.171170167491461e+01  -2.510855029947556e+00 
  4.579814441002450e-01   1.093095127217307e+01  -2.564784460568373e+00 
  4.981806861407654e-01   1.015011174267322e+01  -2.602961808747780e+00 
  5.377052240530947e-01   9.369361339931682e+00  -2.623954725540067e+00 
  5.728474551456649e-01   8.648682372286926e+00  -2.629233690072506e+00 
  6.070309662073388e-01   7.927914277883864e+00  -2.621552480867881e+00 
  6.329940625519100e-01   7.267306745335885e+00  -2.587267422164123e+00 
  6.537107992219797e-01   6.606610086029603e+00  -2.528844600225024e+00 
  6.693979675235703e-01   6.005984861820101e+00  -2.463070017534667e+00 
  6.742054921013089e-01   5.405359637610601e+00  -2.358959504838290e+00 
  6.653003002155915e-01   4.744752105062623e+00  -2.218086004807766e+00 
  6.520864359269012e-01   4.144126880853121e+00  -2.075443330276723e+00 
  6.264734083698627e-01   3.603573091740401e+00  -1.906744122319585e+00 
  5.872128435514840e-01   3.003036994289203e+00  -1.708314491438749e+00 
  1.957376145171613e-01   3.003036994289203e+00  -5.694381638129162e-01 
 -1.957376145171613e-01  -1.008370587958183e+00  -2.885425405172871e+00 
 -2.088244694566209e-01  -1.251356937539230e+00  -3.438576526049559e+00 
 -2.173621453089671e-01  -1.472934566660734e+00  -3.934826373688884e+00 
 -2.217667667385305e-01  -1.732069786732883e+00  -4.478756854507407e+00 
 -2.247351640337696e-01  -2.021706877778756e+00  -5.074338675638583e+00 
 -2.231326558411901e-01  -2.291965374840154e+00  -5.611847129459373e+00 
 -2.179035997406599e-01  -2.573290501641333e+00  -6.142966261587334e+00 
 -2.109980208506367e-01  -2.886773616630767e+00  -6.724883489019242e+00 
 -2.023436554024463e-01  -3.207180140282509e+00  -7.302700569859338e+00 
 -1.909491517152217e-01  -3.565346814805062e+00  -7.928184250569513e+00 
 -1.792350746843649e-01  -3.927210205841296e+00  -8.551430716278256e+00 
 -1.660602287135885e-01  -4.323645541821869e+00  -9.224081578700695e+00 
 -1.526604813667483e-01  -4.725086159218872e+00  -9.893945555250751e+00 
 -1.392976179343780e-01  -5.131029447749500e+00  -1.056110699868015e+01 
 -1.253914822680287e-01  -5.569816553378048e+00  -1.127867057390581e+01 
 -1.120258703547890e-01  -6.011949589490008e+00  -1.199440528997197e+01 
 -9.901575428921434e-02  -6.455893546378360e+00  -1.270899155571897e+01 
 -8.617995619690559e-02  -6.963621316592075e+00  -1.352548125655632e+01 
 -7.516258009760723e-02  -7.439986304613650e+00  -1.429071374969139e+01 
 -6.505854271329405e-02  -7.917800750842797e+00  -1.505510939773575e+01 
 -5.485171156168626e-02  -8.459189934223975e+00  -1.592152919105603e+01 
 -4.546450903050991e-02  -9.029995912876302e+00  -1.684022679344124e+01 
 -3.814298947881869e-02  -9.537437954443137e+00  -1.765688145979064e+01 
 -3.047909242587066e-02  -1.013835556409067e+01  -1.862766153707819e+01 
 -2.452430843943025e-02  -1.073792721445754e+01  -1.959921870432283e+01 
 -1.919130495059651e-02  -1.136584455359225e+01  -2.062367208426364e+01 
 -1.473454659130269e-02  -1.199136491476196e+01  -2.164950936008507e+01 
 -1.097358464855959e-02  -1.264663844656180e+01  -2.272763606799819e+01 
 -8.177911360797983e-03  -1.329771497792491e+01  -2.380808300054004e+01 
 -5.887892279366405e-03  -1.394796095044618e+01  -2.488900945645532e+01 
 -3.825677346511252e-03  -1.465807703568372e+01  -2.607409892357299e+01 
 -2.405094444055604e-03  -1.533568599680654e+01  -2.720869478382484e+01 
 -1.488354603953486e-03  -1.607649264493967e+01  -2.844542956463864e+01 
 -6.854387496293165e-04  -1.675765447215481e+01  -2.957787126196899e+01 
 -3.014960249276010e-04  -1.747713210585717e+01  -3.075755583653209e+01 
 -1.222341157119271e-04  -1.820764778794346e+01  -3.193086759085594e+01 
 -0.000000000000000e+00  -1.898743790360937e+01  -3.314509525607758e+01 
 -1.970002814254160e-05  -1.976227780165672e+01  -3.429281641225033e+01 
 -0.000000000000000e+00  -1.999807042783668e+01  -3.464213019039131e+01 
  0.000000000000000e+00  -2.000578903151135e+01  -3.463767385245857e+01 
  5.910008442762480e-05  -1.987234506890193e+01  -3.422926904554370e+01 
  0.000000000000000e+00  -1.943411349826285e+01  -3.288720697990995e+01 
  3.667023471357813e-04  -1.889058970981276e+01  -3.153657088635362e+01 
  9.044880747828028e-04  -1.831938549129049e+01  -3.027128061517317e+01 
  2.056316248887950e-03  -1.771506712761641e+01  -2.902510880471047e+01 
  4.465063811860459e-03  -1.711594421514733e+01  -2.784530191761878e+01 
  7.215283332166813e-03  -1.645547002409892e+01  -2.656218717083894e+01 
  1.147703203953376e-02  -1.584551025983555e+01  -2.538853402836477e+01 
  1.766367683809922e-02  -1.521310725076705e+01  -2.415857689556578e+01 
  2.453373408239395e-02  -1.464137964488301e+01  -2.303231783929815e+01 
  3.292075394567877e-02  -1.407214371552449e+01  -2.190462021291022e+01 
  4.420363977390807e-02  -1.351532053395886e+01  -2.076965316848914e+01 
  5.757391485178954e-02  -1.298955896468679e+01  -1.968622012700918e+01 
  7.357292531829075e-02  -1.247098832930975e+01  -1.859863539788741e+01 
  9.143727727761197e-02  -1.198734524477854e+01  -1.756014684159938e+01 
  1.144289684364561e-01  -1.150774003808927e+01  -1.651932701544009e+01 
  1.363935270915297e-01  -1.110813673915792e+01  -1.564041162167414e+01 
  1.645551346850588e-01  -1.065851776366702e+01  -1.465174667002405e+01 
  1.951756281398821e-01  -1.024061301951202e+01  -1.371403310210148e+01 
  2.254877402928217e-01  -9.872269805234247e+00  -1.288643420848964e+01 
  2.585398685907168e-01  -9.499578216333761e+00  -1.206134585014994e+01 
  2.970472628676431e-01  -9.100832103343031e+00  -1.118193555984781e+01 
  3.360776110643670e-01  -8.751020291709523e+00  -1.041300207441318e+01 
  3.761744468040860e-01  -8.395597464229535e+00  -9.647205195789022e+00 
  4.178928538031340e-01  -8.030315098816622e+00  -8.887203638790341e+00 
  4.579814441002450e-01  -7.686644152776601e+00  -8.184089241472154e+00 
  4.981806861407654e-01  -7.329286939818388e+00  -7.488773699368936e+00 
  5.377052240530947e-01  -6.957092136128203e+00  -6.802127559029863e+00 
  5.728474551456649e-01  -6.601324368271660e+00  -6.175361783618969e+00 
  6.070309662073388e-01  -6.234288197356763e+00  -5.554998909065376e+00 
  6.329940625519100e-01  -5.874292698013393e+00  -5.000038534117788e+00 
  6.537107992219797e-01  -5.493348719165795e+00  -4.457069854798650e+00 
  6.693979675235703e-01  -5.136073646420082e+00  -3.969800444636931e+00 
  6.742054921013089e-01  -4.745598684455031e+00  -3.501698999553701e+00 
  6.653003002155915e-01  -4.293294887294056e+00  -3.000032845479359e+00 
  6.520864359269012e-01  -3.869450094361253e+00  -2.551197481389326e+00 
  6.264734083698627e-01  -3.453075399243176e+00  -2.167413772830960e+00 
  5.872128435514840e-01  -2.980962248354381e+00  -1.746549073062409e+00 
  1.957376145171613e-01  -1.994666418156282e+00  -2.315987239117640e+00 
 -1.957376145171613e-01  -1.994666402360292e+00   2.315987252722088e+00 
 -2.088244694566209e-01  -2.352216149273619e+00   2.802995165483345e+00 
 -2.173621453089671e-01  -2.671192308392314e+00   3.243011945757740e+00 
 -2.217667667385305e-01  -3.012682311509253e+00   3.739394870541120e+00 
 -2.247351640337696e-01  -3.383652751870834e+00   4.288018860674051e+00 
 -2.231326558411901e-01  -3.714019477954721e+00   4.790823812379299e+00 
 -2.179035997406599e-01  -4.033319574255252e+00   5.300018085701898e+00 
 -2.109980208506367e-01  -4.380533117337675e+00   5.862461041445561e+00 
 -2.023436554024463e-01  -4.720734124972227e+00   6.428849771659714e+00 
 -1.909491517152217e-01  -5.083335543442358e+00   7.051773051764688e+00 
 -1.792350746843649e-01  -5.442151118625946e+00   7.676779174771778e+00 
 -1.660602287135885e-01  -5.826466183825842e+00   8.356427678773722e+00 
 -1.526604813667483e-01  -6.205865094347905e+00   9.039017440688015e+00 
 -1.392976179343780e-01  -6.580672206960307e+00   9.724155363618149e+00 
 -1.253914822680287e-01  -6.982706937442234e+00   1.046293793247236e+01 
 -1.120258703547890e-01  -7.381484864185881e+00   1.120370373253735e+01 
 -9.901575428921434e-02  -7.778362743387702e+00   1.194546361083504e+01 
 -8.617995619690559e-02  -8.231599679206555e+00   1.279341360949604e+01 
 -7.516258009760723e-02  -8.656127962244263e+00   1.358857403812888e+01 
 -6.505854271329405e-02  -9.079206787068696e+00   1.438457131184255e+01 
 -5.485171156168626e-02  -9.558853744684313e+00   1.528663799573537e+01 
 -4.546450903050991e-02  -1.006906621525143e+01   1.624031927623288e+01 
 -3.814298947881869e-02  -1.052258887971828e+01   1.708810430938377e+01 
 -3.047909242587066e-02  -1.106285028102670e+01   1.809390426479200e+01 
 -2.452430843943025e-02  -1.160445764162108e+01   1.909892713025231e+01 
 -1.919130495059651e-02  -1.217770162167447e+01   2.015494618869337e+01 
 -1.473454659130269e-02  -1.275334257970231e+01   2.120958135127016e+01 
 -1.097358464855959e-02  -1.335939092883794e+01   2.231612823157077e+01 
 -8.177911360797983e-03  -1.396954715166852e+01   2.342020051519717e+01 
 -5.887892279366405e-03  -1.458053393334422e+01   2.452379327545582e+01 
 -3.825677346511252e-03  -1.525179347226143e+01   2.573131657999241e+01 
 -2.405094444055604e-03  -1.589557782708292e+01   2.688544108574629e+01 
 -1.488354603953486e-03  -1.659621823808049e+01   2.814536585432177e+01 
 -6.854387496293165e-04  -1.723636060003735e+01   2.930149015089883e+01 
 -3.014960249276010e-04  -1.789825859045289e+01   3.051441834792615e+01 
 -1.222341157119271e-04  -1.854911853244104e+01   3.173371936511742e+01 
 -0.000000000000000e+00  -1.921077547575233e+01   3.301615124901918e+01 
 -1.970002814254160e-05  -1.981731120160487e+01   3.426104286405926e+01 
 -0.000000000000000e+00  -2.000192949341558e+01   3.463990215784636e+01 
  0.000000000000000e+00  -1.999421088971051e+01   3.464435849572645e+01 
  5.910008442762480e-05  -1.970724393392624e+01   3.432459023001519e+01 
  0.000000000000000e+00  -1.876409987933993e+01   3.327403952214030e+01 
  3.667023471357813e-04  -1.786617660788248e+01   3.212801606496180e+01 
  9.044880747828028e-04  -1.705600520170298e+01   3.100069356354055e+01 
  2.056316248887950e-03  -1.627894794080568e+01   2.985425260162739e+01 
  4.465063811860459e-03  -1.555676666377971e+01   2.874549349425214e+01 
  7.215283332166813e-03  -1.477579379538109e+01   2.753194869109480e+01 
  1.147703203953376e-02  -1.406436024343378e+01   2.641688146710184e+01 
  1.766367683809922e-02  -1.331538762804149e+01   2.525422582771654e+01 
  2.453373408239395e-02  -1.262588247941938e+01   2.419596566727472e+01 
  3.292075394567877e-02  -1.193388565426193e+01   2.313914407693621e+01 
  4.420363977390807e-02  -1.122938695450443e+01   2.208943753247209e+01 
  5.757391485178954e-02  -1.055398720418612e+01   2.109239813487342e+01 
  7.357292531829075e-02  -9.871396519944476e+00   2.009951042486754e+01 
  9.143727727761197e-02  -9.213860593057939e+00   1.916141894765994e+01 
  1.144289684364561e-01  -8.552286788313552e+00   1.822565874029604e+01 
  1.363935270915297e-01  -7.990925380786575e+00   1.744013443382620e+01 
  1.645551346850588e-01  -7.359525906580832e+00   1.655642050176703e+01 
  1.951756281398821e-01  -6.756394509252777e+00   1.572564759163428e+01 
  2.254877402928217e-01  -6.223844452045901e+00   1.499285356274146e+01 
  2.585398685907168e-01  -5.695642769478861e+00   1.425754899860615e+01 
  2.970472628676431e-01  -5.133424176007878e+00   1.347251958866663e+01 
  3.360776110643670e-01  -4.642414151180543e+00   1.278510692941454e+01 
  3.761744468040860e-01  -4.156926015463480e+00   1.209440329131616e+01 
  4.178928538031340e-01  -3.681386544476471e+00   1.139805870373364e+01 
  4.579814441002450e-01  -3.244307089128250e+00   1.074887373426757e+01 
  4.981806861407654e-01  -2.820824773993807e+00   1.009173553760576e+01 
  5.377052240530947e-01  -2.412269176408070e+00   9.426082311355126e+00 
  5.728474551456649e-01  -2.047357978020787e+00   8.804595498008613e+00 
  6.070309662073388e-01  -1.693626055977925e+00   8.176551411807548e+00 
  6.329940625519100e-01  -1.393014024190895e+00   7.587305975970900e+00 
  6.537107992219797e-01  -1.113261345232281e+00   6.985914472574579e+00 
  6.693979675235703e-01  -8.699111951753578e-01   6.432870477803748e+00 
  6.742054921013089e-01  -6.597609344685065e-01   5.860658518180867e+00 
  6.653003002155915e-01  -4.514572008625704e-01   5.218118862100556e+00 
  6.520864359269012e-01  -2.746767712548743e-01   4.626640821712071e+00 
  6.264734083698627e-01  -1.504976788998178e-01   4.074157903685315e+00 
  5.872128435514840e-01  -2.207473419648776e-02   3.454863571378661e+00 
  1.957376145171613e-01  -1.008370568278390e+00   2.885425412050375e+00 
  2.213470276539355e-01   4.437560603706366e+00  -6.967093471134753e-01 
 -3.375707659135711e-02   4.229363660016619e+00   1.149298381937701e-01 
  2.542332849873465e-02   4.792950244904784e+00  -7.090354205654606e-02 
  1.334594948070945e-03   3.192245504416072e+01  -3.232617700215412e-01 
  2.307319243832902e-03   3.049433615566543e+01  -3.421678277851608e-01 
  3.463256552207469e-03   2.918518725980451e+01  -3.652553681568161e-01 
  5.633572018089268e-03   2.785780518705779e+01  -3.879362225999607e-01 
  7.955915407678399e-03   2.659225359759703e+01  -4.115883973963334e-01 
  1.090492869644422e-02   2.531853650077861e+01  -4.400563597619114e-01 
  1.481185702104606e-02   2.407941881150329e+01  -4.689052869219515e-01 
  1.957388780147090e-02   2.286722097555950e+01  -5.005343209830730e-01 
  2.539066053011137e-02   2.168142682238948e+01  -5.340479098561891e-01 
  6.081442425416697e-02   2.062265558054499e+01  -9.990531481229031e-01 
  1.140203696785432e-02   2.068844077036291e+01  -2.496125055022993e-01 
  3.556225357375024e-02   1.980344261794491e+01  -5.518944065893039e-01 
  9.704961909105872e-03   1.902793816743432e+01  -1.485411691109652e-01 
  4.749326520985830e-02   1.843774925785758e+01  -6.355269942490911e-01 
  1.104654132594475e-02   1.784780006615758e+01  -1.538598843812660e-01 
  7.528759861253132e-02   1.910976542724426e+01  -1.024989845132230e+00 
  9.896685950519207e-02   1.792110221069812e+01  -1.169294776096273e+00 
  1.000468547853467e-01   1.615931553432029e+01  -9.551992829732624e-01 
  1.215040784311658e-01   1.691987551783966e+01  -1.259980541624719e+00 
  1.642173089465766e-02   1.590712492387279e+01  -1.507385034639177e-01 
  1.444677699583850e-02   1.674978737260006e+01  -1.681160653682993e-01 
  1.602686443920061e-01   1.554498476293621e+01  -1.433018714943106e+00 
  1.914781958311349e-01   1.496557228559581e+01  -1.598216668378505e+00 
 -8.739603568415843e-03   1.366133899854461e+01   4.879484043759498e-02 
 -3.764680575293382e-02   1.462781673514451e+01   2.938716718358190e-01 
  3.938701057807891e-02   1.443319621905554e+01  -3.140195182715615e-01 
  1.077342485763410e-01   1.352738092354342e+01  -7.913096376609554e-01 
  7.988778012496470e-02   1.519005787188512e+01  -6.833786048580790e-01 
  1.621812341878974e-01   1.438552430295251e+01  -1.261508299644678e+00 
  2.272642409025182e-01   1.360479715405684e+01  -1.636533357958589e+00 
  3.297354917830095e-02   1.269566779961797e+01  -2.375794629464992e-01 
  1.334559191238335e-01   1.184262307030017e+01  -8.343684360632279e-01 
  1.079758543958083e-03   1.185204495470610e+01  -2.858282346849652e-02 
  2.100006710942005e-01   1.271009557990121e+01  -1.390309044911253e+00 
 -5.455813304956719e-02   1.295153205590079e+01   3.672995868428560e-01 
  3.641157931601410e-01   1.075413091074528e+01  -2.008257089151212e+00 
  3.398921784012807e-01   1.138996792284637e+01  -1.999468621113103e+00 
  1.471411209793961e-01   1.085355821381258e+01  -8.293669613944118e-01 
  1.190415168795753e-02   1.028903080814191e+01  -7.367598415831683e-02 
  2.748968976737749e-02   1.109712701515502e+01  -1.797567447625293e-01 
  1.582714995216275e-01   1.005317024981416e+01  -8.196525038547486e-01 
 -6.673377021664040e-02   1.130934085623463e+01   3.842904076276617e-01 
  4.164299207924622e-01   9.665309727468696e+00  -2.069221188717855e+00 
 -6.372165613562500e-02   9.719898294889539e+00   3.173664082038709e-01 
  5.802277388446307e-02   9.383163081586812e+00  -2.767162582284932e-01 
 -6.607171670388563e-02   9.023382948711749e+00   3.017616568074317e-01 
  1.982578158853739e-01   9.042603530282721e+00  -9.161672193245667e-01 
  3.560480254895187e-02   8.480607693969164e+00  -1.426498123992828e-01 
  3.151215367156792e-01   9.396084459988202e+00  -1.524481850788797e+00 
  4.474126364454275e-01   9.061470292386735e+00  -2.123528177216968e+00 
  4.964816209756063e-01   8.369422520798391e+00  -2.224029991854298e+00 
  3.786026801631705e-01   8.628471927180394e+00  -1.717814502410253e+00 
 -5.351888007410293e-02   7.837562428081377e+00   2.433307110353989e-01 
 -9.960405983491816e-02   8.327982015995358e+00   4.606217427696434e-01 
  2.626805288020921e-02   6.639827746894259e+00  -8.712279529374310e-02 
  2.122091655591362e-01   7.087896139495720e+00  -8.360523311800212e-01 
  2.158158726915816e-01   6.408101365653075e+00  -7.932763999406207e-01 
  5.720602975395273e-02   7.394800165762501e+00  -2.247830166855077e-01 
  5.212993818172457e-01   7.509970781865286e+00  -2.167249842641129e+00 
  3.503942952270548e-01   7.412900960292791e+00  -1.432543071201181e+00 
  4.426234231878259e-01   7.950700227055626e+00  -1.905694475481003e+00 
  1.284553566951047e-01   7.893624739674066e+00  -5.307796776224942e-01 
  5.592773407611249e-01   6.346175657838995e+00  -2.107413903661350e+00 
  4.860616214296337e-01   5.876819691239672e+00  -1.765238637707129e+00 
  4.081626105896866e-01   6.563626227454753e+00  -1.560171216889923e+00 
 -4.231573469238245e-02   5.987751199121212e+00   1.699966434611609e-01 
 -1.070195058202753e-01   6.418862238411980e+00   4.184175067730069e-01 
  5.326671755357282e-01   5.176839529474648e+00  -1.819887585007324e+00 
  4.222219851766824e-01   4.727691469750845e+00  -1.393548324313415e+00 
  3.851890577329647e-01   5.425074637134468e+00  -1.340477333901565e+00 
  1.170585633244708e-01   6.018184711667637e+00  -4.148289515038372e-01 
  2.279085829585094e-01   5.163053593375906e+00  -7.677216973278828e-01 
  3.227303803888492e-01   5.970643193983213e+00  -1.167020328383232e+00 
  5.957377414410574e-02   5.478645450737369e+00  -1.967015097085651e-01 
  5.609699602837731e-01   4.541424850465871e+00  -1.834175047505774e+00 
  4.844437140194947e-01   4.135561323172851e+00  -1.524751246684895e+00 
 -1.097329288380256e-01   4.573502410671408e+00   3.702788667792988e-01 
 -8.294541317052426e-02   3.783365326858408e+00   2.546453878461691e-01 
  8.087292294525965e-02   3.771067499612774e+00  -2.440071964412742e-01 
  3.840519403253603e-01   3.701173503115522e+00  -1.141427995069467e+00 
 -5.070540780202749e-02   3.387668779169976e+00   1.476161937125369e-01 
 -8.330354411266071e-02   5.183625523657531e+00   2.953140036007322e-01 
  5.966779953773782e-01   5.752761054738389e+00  -2.147098277882272e+00 
 -7.446743674043377e-02   7.114437726743144e+00   3.061287236042071e-01 
  5.066397045425209e-01   7.024285712844628e+00  -2.022301381690342e+00 
  3.217530303313339e-01   1.025035418637050e+01  -1.686003900406911e+00 
 -8.315183575042419e-02   1.055451083697039e+01   4.468902334543117e-01 
 -7.040966828114290e-02   1.214633848813239e+01   4.338261750546317e-01 
  2.960923363213496e-01   1.293391848004380e+01  -2.004298666257554e+00 
  3.343046772754960e-01   1.215174218520548e+01  -2.094957339670875e+00 
 -8.891544310324004e-03   1.527647039641302e+01   7.216197916877670e-02 
  2.429287393394727e-01   8.298792135446021e+00  -1.048952757149727e+00 
  2.624266994530525e-01   1.109680249089021e+01  -1.495334425181376e+00 
  2.667505548321626e-01   1.188491109143706e+01  -1.634164012787853e+00 
 -1.139428306247715e-01   5.638380549662260e+00   4.115703103162834e-01 
  5.775011332321951e-02   1.736907722959961e+01  -6.712472409515927e-01 
  3.840519403253606e-01  -2.839092397868337e+00  -2.634596273522558e+00 
  1.334594948070967e-03  -1.624118048947548e+01  -2.748402609747525e+01 
  2.307319243832874e-03  -1.554349416870325e+01  -2.623778583311830e+01 
  3.463256552207418e-03  -1.490891411464173e+01  -2.509248586322326e+01 
  5.633572018089316e-03  -1.426486527175642e+01  -2.393159884193920e+01 
  7.955915407678352e-03  -1.365257285873585e+01  -2.282377292966027e+01 
  1.090492869644429e-02  -1.304036828638905e+01  -2.170646758678998e+01 
  1.481185702104604e-02  -1.244579334307144e+01  -2.061893572737062e+01 
  1.957388780147084e-02  -1.186708596967101e+01  -1.955332709131589e+01 
  2.539066053011135e-02  -1.130321251004932e+01  -1.850964243785699e+01 
  6.081442425416692e-02  -1.117653323574570e+01  -1.736021702677791e+01 
  1.140203696785410e-02  -1.056039119649812e+01  -1.779190899506410e+01 
  3.556225357375017e-02  -1.037967592364865e+01  -1.687433716263516e+01 
  9.704961909106465e-03  -9.642609546970048e+00  -1.640440722815997e+01 
  4.749326520985819e-02  -9.769257186318628e+00  -1.564979572657768e+01 
  1.104654132598474e-02  -9.057146636542065e+00  -1.537971829617667e+01 
  7.528759861253126e-02  -1.044254999458748e+01  -1.603704737404817e+01 
  9.896685950519203e-02  -9.973190119916254e+00  -1.493548236756014e+01 
  1.000468555503939e-01  -8.906884650584681e+00  -1.351677810644535e+01 
  1.215040784311661e-01  -9.551112948121922e+00  -1.402305173479300e+01 
  1.642173089465792e-02  -8.084105866412532e+00  -1.370060501513551e+01 
  1.444677699824374e-02  -8.520486502505975e+00  -1.442168332062937e+01 
  1.602686453219211e-01  -9.013523031363302e+00  -1.274584233752949e+01 
  1.914781958311356e-01  -8.866882406014145e+00  -1.216145742715046e+01 
 -8.725114705373528e-03  -6.788564551186482e+00  -1.185561331711293e+01 
 -3.764567820743075e-02  -7.059419945043274e+00  -1.281500835469352e+01 
  3.938797344626450e-02  -7.488557153475909e+00  -1.234251472425952e+01 
  1.077342485763406e-01  -7.448984735979892e+00  -1.131940069069209e+01 
  7.988781740047474e-02  -8.186852580957906e+00  -1.281328704577076e+01 
  1.621812918646101e-01  -8.285260722347578e+00  -1.182747525748682e+01 
  2.272693000220079e-01  -8.219694343528907e+00  -1.096380309432787e+01 
  3.308784636082799e-02  -6.554515920016855e+00  -1.087622689257683e+01 
  1.334832128900233e-01  -6.644033180203081e+00  -9.838739226470780e+00 
  1.200306433104652e-03  -5.951700132182937e+00  -1.024988657877228e+01 
  2.101566386438753e-01  -7.559606885366912e+00  -1.031120521282079e+01 
 -5.406343742856073e-02  -6.162988038164027e+00  -1.140546918795423e+01 
  3.641157931601405e-01  -7.116267130798557e+00  -8.309222003574666e+00 
  3.399386151573636e-01  -7.426719188637977e+00  -8.863983000504945e+00 
  1.471423362953451e-01  -6.145037400783126e+00  -8.984768607608384e+00 
  1.190419707983657e-02  -5.208320898178307e+00  -8.873723864125727e+00 
  2.748968976737708e-02  -5.704237436688077e+00  -9.520515518797154e+00 
  1.582715608792082e-01  -5.736425286750147e+00  -8.296474273932695e+00 
 -6.673377021664081e-02  -5.321865195384694e+00  -9.986321673271167e+00 
  4.164299207924624e-01  -6.624652995890761e+00  -7.335793150012860e+00 
 -6.372165455176695e-02  -4.585101802076905e+00  -8.576362032482232e+00 
  5.802277489048802e-02  -4.931224872491605e+00  -7.987699451658769e+00 
 -6.607171670362211e-02  -4.250358231782764e+00  -7.965359680399239e+00 
  1.982578158853737e-01  -5.314725867953383e+00  -7.373040751830530e+00 
  3.560480258558860e-02  -4.363842225059081e+00  -7.273096786187825e+00 
  3.151215386467656e-01  -6.018282263467513e+00  -7.375006887982160e+00 
  4.474126364531699e-01  -6.369764508767763e+00  -6.785699365709262e+00 
  4.964816209801901e-01  -6.110777746088795e+00  -6.136117508170070e+00 
  3.786026802796177e-01  -5.801906977083243e+00  -6.613568619695151e+00 
 -5.351888007410291e-02  -3.708050652470957e+00  -6.909193513552479e+00 
 -9.960405983431303e-02  -3.765080894146721e+00  -7.442554850933976e+00 
  2.626772751119911e-02  -3.395363120395574e+00  -5.706698084685710e+00 
  2.122091655591357e-01  -4.267990640447832e+00  -5.720271940895783e+00 
  2.158158726915812e-01  -3.891048209112840e+00  -5.152940363864824e+00 
  5.720601768976418e-02  -3.892067850528711e+00  -6.291693280810914e+00 
  5.212993818125747e-01  -5.631878823313332e+00  -5.420200544652952e+00 
  3.503942952270545e-01  -4.947069184788716e+00  -5.703489000504011e+00 
  4.426234231908819e-01  -5.625729954643633e+00  -5.932661123954925e+00 
  1.284553563689303e-01  -4.406481068065685e+00  -6.570689703614279e+00 
  5.592773407611249e-01  -4.998161815878067e+00  -4.442242373373141e+00 
  4.860614480332097e-01  -4.467151620478394e+00  -4.206857525255836e+00 
  4.081624872997450e-01  -4.632960601107740e+00  -4.904181550652592e+00 
 -4.231778274045967e-02  -2.846645732840230e+00  -5.270542588081049e+00 
 -1.070195471530729e-01  -2.847070771173876e+00  -5.768106501130909e+00 
  5.326671755357280e-01  -4.164488653509441e+00  -3.573330741869019e+00 
  4.222176098302050e-01  -3.571034962298318e+00  -3.398166599706469e+00 
  3.851883290131160e-01  -3.873441530220368e+00  -4.028048852651378e+00 
  1.170458912185085e-01  -3.368296579420020e+00  -5.004491395352440e+00 
  2.277831610888591e-01  -3.246008111554565e+00  -4.087687205297049e+00 
  3.227256407029890e-01  -3.995975966204016e+00  -4.587225969592311e+00 
  2.496489107210680e-02  -2.457132359108172e+00  -4.117103602524091e+00 
  5.934083987867340e-02  -2.908753420673729e+00  -4.646328804163232e+00 
  5.609686132961483e-01  -3.859194093128872e+00  -3.015981682635827e+00 
  4.844363644564139e-01  -3.388604368282524e+00  -2.819802615236998e+00 
 -3.351575567578237e-02  -2.016560596318533e+00  -3.720966919542600e+00 
 -1.097329288380255e-01  -1.966080309645919e+00  -4.145908700830630e+00 
 -8.294541317052445e-02  -1.671153296336350e+00  -3.403813174980363e+00 
  8.088588684618646e-02  -2.097263645976228e+00  -3.144480542232462e+00 
  2.216398538444904e-01  -2.823894035837782e+00  -3.495752665547166e+00 
 -5.070559532166057e-02  -1.566019963485916e+00  -3.007661034136721e+00 
 -8.333790486863939e-02  -2.335983271789655e+00  -4.636900761506565e+00 
  5.966779902787842e-01  -4.735822197724891e+00  -3.908488117108360e+00 
 -7.446744930861413e-02  -3.292103574663246e+00  -6.314348157652963e+00 
  5.066397003991732e-01  -5.263507223476086e+00  -5.072059170748388e+00 
  3.217534626208667e-01  -6.585300725713331e+00  -8.034062598375202e+00 
 -8.315183487596990e-02  -4.890237148722883e+00  -9.363919611179233e+00 
 -6.935989714315534e-02  -5.705578468465093e+00  -1.073617511620229e+01 
  2.960923363213500e-01  -8.202732824959238e+00  -1.019895262241750e+01 
  3.341302457600105e-01  -7.888605271435423e+00  -9.476003997463735e+00 
 -8.891544310324202e-03  -7.575741121218613e+00  -1.326589241581578e+01 
  2.429287393354643e-01  -5.057815817912116e+00  -6.662488419923763e+00 
  2.624366812724899e-01  -6.843430801017308e+00  -8.862385777407820e+00 
  2.669586110554630e-01  -7.358333721763455e+00  -9.474283581935481e+00 
 -1.139515374340699e-01  -2.462724842567134e+00  -5.088765780585229e+00 
  5.775011332321965e-02  -9.265855811118756e+00  -1.470643847958564e+01 
  3.840519403253604e-01  -8.620810940675010e-01   3.776024278966452e+00 
  1.334594948070938e-03  -1.568127449073126e+01   2.780728797572250e+01 
  2.307319243832896e-03  -1.495084192575552e+01   2.657995376422175e+01 
  3.463256552207469e-03  -1.427627308645494e+01   2.545774133018845e+01 
  5.633572018089282e-03  -1.359293985912964e+01   2.431953515877623e+01 
  7.955915407678416e-03  -1.293968068510052e+01   2.323536141693130e+01 
  1.090492869644416e-02  -1.227816816303963e+01   2.214652403202691e+01 
  1.481185702104607e-02  -1.163362541942322e+01   2.108784109548514e+01 
  1.957388780147098e-02  -1.100013495915867e+01   2.005386148929541e+01 
  2.539066053011126e-02  -1.037821426783074e+01   1.904369042059984e+01 
  6.081442425416689e-02  -9.446122300788710e+00   1.835927024326130e+01 
  1.140203696785412e-02  -1.012804953228044e+01   1.804152157062678e+01 
  3.556225357375020e-02  -9.423766653423520e+00   1.742623163567167e+01 
  9.704961909106444e-03  -9.385328582493935e+00   1.655294846186768e+01 
  4.749326520985815e-02  -8.668492033069898e+00   1.628532278245202e+01 
  1.104654132598495e-02  -8.790653393951146e+00   1.553357824111984e+01 
  7.528759861253126e-02  -8.667215391536454e+00   1.706203728233056e+01 
  9.896685950519199e-02  -7.947912051509766e+00   1.610477720246887e+01 
  1.000468555485691e-01  -7.252430859454126e+00   1.447197744598294e+01 
  1.215040784311659e-01  -7.368762532107691e+00   1.528303233163723e+01 
  1.642173089465793e-02  -7.823019025626941e+00   1.385134357254922e+01 
  1.444677699826504e-02  -8.229300836576890e+00   1.458979944279668e+01 
  1.602686453196654e-01  -6.531461709196618e+00   1.417886110672124e+01 
  1.914781958311352e-01  -6.098689844665952e+00   1.375967414341796e+01 
 -8.724750888610919e-03  -6.872980273252515e+00   1.180688168941262e+01 
 -3.764565254894522e-02  -7.568412802826109e+00   1.252114160246036e+01 
  3.938799379897440e-02  -6.944652722668064e+00   1.265653845974620e+01 
  1.077342485763408e-01  -6.078396158231169e+00   1.211071037292620e+01 
  7.988781681094309e-02  -7.003205779564141e+00   1.349666587026600e+01 
  1.621812483917793e-01  -6.100264057352960e+00   1.308898416390427e+01 
  2.272602272826606e-01  -5.385170313760974e+00   1.260041846706125e+01 
  3.465312572601297e-02  -6.134157350958502e+00   1.112089313882976e+01 
  1.314027782594571e-01  -5.266685089955026e+00   1.079231932285254e+01 
  1.238188193555169e-02  -5.823201038003094e+00   1.027330565018318e+01 
  2.096601538875913e-01  -5.154512374550855e+00   1.170516400496754e+01 
 -5.406343742856077e-02  -6.795932014667816e+00   1.104003881369714e+01 
  3.656145240664844e-01  -3.630473062675503e+00   1.031966516434987e+01 
  3.399099474758787e-01  -3.962983064239229e+00   1.086311976687328e+01 
  2.519886405527038e-02  -5.366015204991766e+00   9.610083735961224e+00 
  1.479472194482753e-01  -4.427470625629852e+00   9.237494086294589e+00 
  1.161823593062005e-03  -5.106790272048379e+00   8.871542436019817e+00 
  1.426835466029374e-01  -4.898715762467248e+00   1.016208410909977e+01 
 -6.673377021664079e-02  -5.987475639893667e+00   9.602031304967312e+00 
  4.164299207924622e-01  -3.040656705491598e+00   9.405014367617358e+00 
 -6.435528312509985e-02  -5.136431022215969e+00   8.254747958566540e+00 
  5.434599698809138e-02  -4.473856673057355e+00   8.269395782104560e+00 
 -6.607312090909148e-02  -4.773032121193935e+00   7.663596720661581e+00 
  1.982578158853736e-01  -3.727877641401192e+00   8.289208000188411e+00 
  3.551024409366322e-02  -4.117337795870292e+00   7.415887303084671e+00 
  3.158247480331363e-01  -3.378457682364738e+00   8.909708597624695e+00 
  4.474141393167697e-01  -2.691709906442554e+00   8.909255596587780e+00 
  4.964825892977938e-01  -2.258646472908387e+00   8.360163489012976e+00 
  3.786364834563799e-01  -2.826604743065097e+00   8.331893872865765e+00 
 -5.351888007410303e-02  -4.129511761008985e+00   6.665862829723873e+00 
 -9.960502070506704e-02  -4.562907006556965e+00   6.981934650792585e+00 
  2.626772741339465e-02  -3.244463940383485e+00   5.793819767354636e+00 
  2.122091655591360e-01  -2.819905482241536e+00   6.556324294600902e+00 
  2.158158726915815e-01  -2.517053141218194e+00   5.946216784096523e+00 
  5.720600427837309e-02  -3.502732365508265e+00   6.516476316876813e+00 
  5.212993826898887e-01  -1.878091938116937e+00   7.587450423334077e+00 
  3.503942952270547e-01  -2.465831756023670e+00   7.136032094164202e+00 
  4.426241128833836e-01  -2.324971487581749e+00   7.838367023053823e+00 
  1.284541826143801e-01  -3.487151169251380e+00   7.101471827048110e+00 
  5.592773407611250e-01  -1.348013822279330e+00   6.549656294527006e+00 
  4.860614480332152e-01  -1.409669663156715e+00   5.972095551723960e+00 
  4.081624873004432e-01  -1.930665492386972e+00   6.464352355018709e+00 
 -4.231778274045971e-02  -3.141100894989928e+00   5.100538821395931e+00 
 -1.070195471530733e-01  -3.571791363964242e+00   5.349688872894545e+00 
  5.326671755357282e-01  -1.012350859566419e+00   5.393218340947288e+00 
  4.222176098302048e-01  -1.157381109594660e+00   4.791690297637254e+00 
  3.851883290131160e-01  -1.551671856765488e+00   5.368523195097876e+00 
  1.170458912164585e-01  -2.649868379379778e+00   5.419276108965041e+00 
  2.277831610888220e-01  -1.917036895697213e+00   4.854969092503583e+00 
  3.227256407029636e-01  -1.974666226382890e+00   5.754229688930650e+00 
  2.496489107210519e-02  -2.336950120726353e+00   4.186490850023503e+00 
  5.934083987863133e-02  -2.569462057395521e+00   4.842218763571680e+00 
  5.609686132961483e-01  -6.823196969200489e-01   4.850150965653598e+00 
  4.844363644564139e-01  -7.477185044346368e-01   4.344518775625999e+00 
 -3.351575567578247e-02  -2.214171572606023e+00   3.606876169487699e+00 
 -1.097329288380257e-01  -2.607422093283520e+00   3.775629850376954e+00 
 -8.294541317052455e-02  -2.112212023941444e+00   3.149167800537616e+00 
  8.088588684618644e-02  -1.674568200587354e+00   3.388523870772298e+00 
  2.216398538444902e-01  -1.615463586258457e+00   4.193440309077175e+00 
 -5.070559532166064e-02  -1.821700873289792e+00   2.860043592422326e+00 
 -8.333790486864030e-02  -2.847682208527063e+00   4.341471243412738e+00 
  5.966779902787844e-01  -1.016938887175804e+00   6.055586391902169e+00 
 -7.446744963475740e-02  -3.822334114123598e+00   6.008219415990992e+00 
  5.066397004411878e-01  -1.760778463579893e+00   7.094360558608085e+00 
  3.343082828656678e-01  -3.592980420122750e+00   9.718410275347919e+00 
 -8.371204063991571e-02  -5.664348800885246e+00   8.910096295842660e+00 
 -6.893677976162620e-02  -6.442102698403028e+00   1.030910571715963e+01 
  2.960923363213497e-01  -4.731185622784116e+00   1.220325132883615e+01 
  3.336225115767910e-01  -4.263802688307050e+00   1.156612734068049e+01 
 -8.891544310324104e-03  -7.700729245362913e+00   1.319373048888500e+01 
  2.429282395632295e-01  -3.240985058758958e+00   7.711454851190593e+00 
  2.627935404755821e-01  -4.218081852994504e+00   1.028771441412469e+01 
  2.578740680925949e-01  -4.553529838395173e+00   1.104160733522515e+01 
 -1.139515374340699e-01  -3.175638007978790e+00   4.677165173706503e+00 
  5.775011332321949e-02  -8.103221381994068e+00   1.537768577844777e+01 
1
Triangles
825 3
    238     239     240  0  0001  1
     40      38      39  0  0001  2
     41      38      40  0  0001  3
     41      37      38  0  0001  4
     42      37      41  0  0001  5
     42      36      37  0  0001  6
     43      36      42  0  0001  7
     43      35      36  0  0001  8
     44      35      43  0  0001  9
     44      34      35  0  0001  10
     45      34      44  0  0001  11
     45      33      34  0  0001  12
     46      33      45  0  0001  13
    241      33      46  0  0001  14
     47      32     241  0  0001  15
    242      32      47  0  0001  16
    243     242      48  0  0001  17
    243      31     242  0  0001  18
    244     243      49  0  0001  19
    244      30     243  0  0001  20
    245     244      50  0  0001  21
    245      29     244  0  0001  22
    246     245      51  0  0001  23
    246      28     245  0  0001  24
    247     246      52  0  0001  25
    247      27     246  0  0001  26
    248     247      53  0  0001  27
    248      26     247  0  0001  28
    249     248      54  0  0001  29
    249      25     248  0  0001  30
     55      56     250  0  0001  31
     24     249     251  0  0001  32
    250     252     251  0  0001  33
     24     251      23  0  0001  34
    253     254     255  0  0001  35
    252     256     253  0  0001  36
    256     257     254  0  0001  37
    257     255     254  0  0001  38
     60     258     259  0  0001  39
    258     260     261  0  0001  40
    262     258      60  0  0001  41
    255      20      21  0  0001  42
    262      61     263  0  0001  43
    264     265     266  0  0001  44
    266     267     264  0  0001  45
    268     269     266  0  0001  46
     62     270     269  0  0001  47
    271     272     273  0  0001  48
    271     274     272  0  0001  49
    264     271     275  0  0001  50
     66     276     277  0  0001  51
    278     279     280  0  0001  52
    279     278     281  0  0001  53
    273     280     282  0  0001  54
    283      67      68  0  0001  55
    284     285     286  0  0001  56
    287     288     285  0  0001  57
    281     289     287  0  0001  58
    289     283     290  0  0001  59
    290     291     292  0  0001  60
    288     293     294  0  0001  61
    295     296     297  0  0001  62
    296     295     298  0  0001  63
    299     300     301  0  0001  64
    302     293     288  0  0001  65
    303     304     305  0  0001  66
    295     306     307  0  0001  67
    308     309     310  0  0001  68
    311     295     297  0  0001  69
    312     311     313  0  0001  70
    312     240     314  0  0001  71
    315     316     309  0  0001  72
    240     239     317  0  0001  73
      3     318       2  0  0001  74
    319     320      79  0  0001  75
     77      78     320  0  0001  76
     79       1     321  0  0001  77
     77     320     316  0  0001  78
    322     240     317  0  0001  79
    308     304     323  0  0001  80
    324     295     307  0  0001  81
    300     299     325  0  0001  82
     11     284     286  0  0001  83
    289     326     283  0  0001  84
    280     327     282  0  0001  85
    271     328     275  0  0001  86
    274     329     330  0  0001  87
    329      64     330  0  0001  88
    265     264      17  0  0001  89
     19     260     331  0  0001  90
     62     269     263  0  0001  91
      8       9     293  0  0001  92
    332     292     301  0  0001  93
    278     326     281  0  0001  94
    291     290      69  0  0001  95
    333     272     334  0  0001  96
     67     326     276  0  0001  97
      6     306     335  0  0001  98
    305     304     313  0  0001  99
     13      14     282  0  0001  100
    272     333     278  0  0001  101
     21     253     255  0  0001  102
    257     256      57  0  0001  103
     20     255     261  0  0001  104
    257      59     259  0  0001  105
    260     268     331  0  0001  106
    261     259     258  0  0001  107
     56      57     256  0  0001  108
     23     252     253  0  0001  109
     15      16     275  0  0001  110
    271     267     274  0  0001  111
    274     267     270  0  0001  112
    277     330      65  0  0001  113
    268     262     263  0  0001  114
     62      63     270  0  0001  115
    327     284      12  0  0001  116
    288     287     332  0  0001  117
    249      24      25  0  0001  118
     55     249      54  0  0001  119
    248      25      26  0  0001  120
     54     248      53  0  0001  121
    303     325      72  0  0001  122
    300     296     302  0  0001  123
    247      26      27  0  0001  124
     53     247      52  0  0001  125
    246      27      28  0  0001  126
     52     246      51  0  0001  127
    249      55     250  0  0001  128
     23     251     252  0  0001  129
    245      28      29  0  0001  130
     51     245      50  0  0001  131
     74      75     308  0  0001  132
    312     314     311  0  0001  133
    243      30      31  0  0001  134
     49     243      48  0  0001  135
      3     239     318  0  0001  136
    319     238     320  0  0001  137
    244      29      30  0  0001  138
     50     244      49  0  0001  139
    326     289     281  0  0001  140
    326     333     276  0  0001  141
    241      32      33  0  0001  142
     47     241      46  0  0001  143
    242      31      32  0  0001  144
     48     242      47  0  0001  145
    238     309     316  0  0001  146
     79     320      78  0  0001  147
     19      20     261  0  0001  148
    268     260     258  0  0001  149
    261     336     259  0  0001  150
    261     260      19  0  0001  151
    266     269     267  0  0001  152
     18     331     265  0  0001  153
    294     286     288  0  0001  154
    288     332     302  0  0001  155
     72      73     303  0  0001  156
    305     297     296  0  0001  157
    295     311     306  0  0001  158
      7       8     324  0  0001  159
    250      56     252  0  0001  160
    250     251     249  0  0001  161
    256     252      56  0  0001  162
     57      58     257  0  0001  163
     70     301     291  0  0001  164
    292     332     287  0  0001  165
    330     277     334  0  0001  166
    274     334     272  0  0001  167
    279     281     285  0  0001  168
     12      13     327  0  0001  169
    264     267     271  0  0001  170
    264      16      17  0  0001  171
    270      63     329  0  0001  172
    269     270     267  0  0001  173
    262     268     258  0  0001  174
     61     262      60  0  0001  175
    273     272     280  0  0001  176
     14      15     328  0  0001  177
    259     336     257  0  0001  178
    259      59      60  0  0001  179
    255     336     261  0  0001  180
     21      22     253  0  0001  181
     75      76     315  0  0001  182
    309     238     312  0  0001  183
    238     319     239  0  0001  184
      4       5     322  0  0001  185
    257      58      59  0  0001  186
    257     336     255  0  0001  187
     70      71     299  0  0001  188
    301     300     332  0  0001  189
    296     298     302  0  0001  190
    296     300     305  0  0001  191
    287     285     281  0  0001  192
    287     289     292  0  0001  193
    314     322     335  0  0001  194
      6       7     307  0  0001  195
    284      11      12  0  0001  196
    285     284     279  0  0001  197
    278     280     272  0  0001  198
    278     333     326  0  0001  199
     73      74     323  0  0001  200
    312     313     310  0  0001  201
    253     256     254  0  0001  202
    253      22      23  0  0001  203
    312     310     309  0  0001  204
    312     238     240  0  0001  205
    293     298     324  0  0001  206
      9      10     294  0  0001  207
    325      71      72  0  0001  208
    300     325     305  0  0001  209
    331     268     266  0  0001  210
    331      18      19  0  0001  211
    263      61      62  0  0001  212
    263     269     268  0  0001  213
    283     326      67  0  0001  214
    283      68     290  0  0001  215
    286     285     288  0  0001  216
    286      10      11  0  0001  217
    265      17      18  0  0001  218
    266     265     331  0  0001  219
    302     332     300  0  0001  220
    302     298     293  0  0001  221
    324       8     293  0  0001  222
    295     324     298  0  0001  223
    276     333     277  0  0001  224
    276      66      67  0  0001  225
    275      16     264  0  0001  226
    271     273     328  0  0001  227
    329     274     270  0  0001  228
     64     329      63  0  0001  229
    282      14     328  0  0001  230
    280     279     327  0  0001  231
    319     321     318  0  0001  232
      3       4     317  0  0001  233
    316      76      77  0  0001  234
    316     320     238  0  0001  235
    277      65      66  0  0001  236
    334     277     333  0  0001  237
    322       5     335  0  0001  238
    240     322     314  0  0001  239
    313     297     305  0  0001  240
    310     313     304  0  0001  241
    308      75     315  0  0001  242
    308     310     304  0  0001  243
    328      15     275  0  0001  244
    328     273     282  0  0001  245
    290      68      69  0  0001  246
    290     292     289  0  0001  247
    311     297     313  0  0001  248
    306     311     314  0  0001  249
    330     334     274  0  0001  250
     65     330      64  0  0001  251
    327      13     282  0  0001  252
    327     279     284  0  0001  253
    294     293       9  0  0001  254
    294      10     286  0  0001  255
    291      69      70  0  0001  256
    292     291     301  0  0001  257
    307     306       6  0  0001  258
    307       7     324  0  0001  259
    303      73     323  0  0001  260
    303     305     325  0  0001  261
    321       1       2  0  0001  262
     79     321     319  0  0001  263
    299     301      70  0  0001  264
    325     299      71  0  0001  265
    315      76     316  0  0001  266
    315     309     308  0  0001  267
    318     239     319  0  0001  268
      2     318     321  0  0001  269
    335       5       6  0  0001  270
    335     306     314  0  0001  271
    317     239       3  0  0001  272
    317       4     322  0  0001  273
    323      74     308  0  0001  274
    323     304     303  0  0001  275
    337     156     157  0  0002  276
    119     117     118  0  0002  277
    120     117     119  0  0002  278
    120     116     117  0  0002  279
    121     116     120  0  0002  280
    121     115     116  0  0002  281
    122     115     121  0  0002  282
    122     114     115  0  0002  283
    123     114     122  0  0002  284
    123     113     114  0  0002  285
    124     113     123  0  0002  286
    124     112     113  0  0002  287
    125     112     124  0  0002  288
    338     112     125  0  0002  289
    126     111     338  0  0002  290
    339     111     126  0  0002  291
    340     339     127  0  0002  292
    340     110     339  0  0002  293
    341     340     128  0  0002  294
    341     109     340  0  0002  295
    342     341     129  0  0002  296
    342     108     341  0  0002  297
    343     342     130  0  0002  298
    343     107     342  0  0002  299
    344     343     131  0  0002  300
    344     106     343  0  0002  301
    345     344     132  0  0002  302
    345     105     344  0  0002  303
    346     345     133  0  0002  304
    346     104     345  0  0002  305
    134     135     347  0  0002  306
    103     346     348  0  0002  307
    347     349     348  0  0002  308
    103     348     102  0  0002  309
    350     351     352  0  0002  310
    349     353     350  0  0002  311
    353     354     351  0  0002  312
    354     352     351  0  0002  313
    139     355     356  0  0002  314
    355     357     358  0  0002  315
    359     355     139  0  0002  316
    352      99     100  0  0002  317
    359     140     360  0  0002  318
    361     362     363  0  0002  319
    363     364     361  0  0002  320
    365     366     363  0  0002  321
    141     367     366  0  0002  322
    368     369     370  0  0002  323
    368     371     369  0  0002  324
    361     368     372  0  0002  325
    145     373     374  0  0002  326
    375     376     377  0  0002  327
    376     375     378  0  0002  328
    370     377     379  0  0002  329
    380     146     147  0  0002  330
    381     382     383  0  0002  331
    384     385     382  0  0002  332
    378     386     384  0  0002  333
    386     380     387  0  0002  334
    387     388     389  0  0002  335
    385     390     391  0  0002  336
    392     393     394  0  0002  337
    393     392     395  0  0002  338
    396     397     398  0  0002  339
    399     390     385  0  0002  340
    400     401     402  0  0002  341
    392     403     404  0  0002  342
    405     406     407  0  0002  343
    408     392     394  0  0002  344
    409     408     410  0  0002  345
    409     411     412  0  0002  346
    413     414     406  0  0002  347
    411     415     416  0  0002  348
     82     417      81  0  0002  349
    418     337     158  0  0002  350
    419     415     411  0  0002  351
    158      80     420  0  0002  352
    156     337     414  0  0002  353
    421     411     416  0  0002  354
    405     401     422  0  0002  355
    423     392     404  0  0002  356
    397     396     424  0  0002  357
     90     381     383  0  0002  358
    386     425     380  0  0002  359
    377     426     379  0  0002  360
    368     427     372  0  0002  361
    371     428     429  0  0002  362
    428     143     429  0  0002  363
    362     361      96  0  0002  364
     98     357     430  0  0002  365
    141     366     360  0  0002  366
     87      88     390  0  0002  367
    431     389     398  0  0002  368
    375     425     378  0  0002  369
    388     387     148  0  0002  370
    432     369     433  0  0002  371
    146     425     373  0  0002  372
     85     403     434  0  0002  373
    402     401     410  0  0002  374
     92      93     379  0  0002  375
    369     432     375  0  0002  376
    100     350     352  0  0002  377
    354     353     136  0  0002  378
     99     352     358  0  0002  379
    354     138     356  0  0002  380
    357     365     430  0  0002  381
    358     356     355  0  0002  382
    135     136     353  0  0002  383
    102     349     350  0  0002  384
     94      95     372  0  0002  385
    368     364     371  0  0002  386
    371     364     367  0  0002  387
    374     429     144  0  0002  388
    365     359     360  0  0002  389
    141     142     367  0  0002  390
    426     381      91  0  0002  391
    385     384     431  0  0002  392
    346     103     104  0  0002  393
    134     346     133  0  0002  394
    345     104     105  0  0002  395
    133     345     132  0  0002  396
    400     424     151  0  0002  397
    397     393     399  0  0002  398
    344     105     106  0  0002  399
    132     344     131  0  0002  400
    343     106     107  0  0002  401
    131     343     130  0  0002  402
    346     134     347  0  0002  403
    102     348     349  0  0002  404
    342     107     108  0  0002  405
    130     342     129  0  0002  406
    153     154     405  0  0002  407
    409     412     408  0  0002  408
    340     109     110  0  0002  409
    128     340     127  0  0002  410
     82     415     417  0  0002  411
    418     419     337  0  0002  412
    341     108     109  0  0002  413
    129     341     128  0  0002  414
    425     386     378  0  0002  415
    425     432     373  0  0002  416
    338     111     112  0  0002  417
    126     338     125  0  0002  418
    339     110     111  0  0002  419
    127     339     126  0  0002  420
    419     406     414  0  0002  421
    158     337     157  0  0002  422
     98      99     358  0  0002  423
    365     357     355  0  0002  424
    358     435     356  0  0002  425
    358     357      98  0  0002  426
    363     366     364  0  0002  427
     97     430     362  0  0002  428
    391     383     385  0  0002  429
    385     431     399  0  0002  430
    151     152     400  0  0002  431
    402     394     393  0  0002  432
    392     408     403  0  0002  433
     86      87     423  0  0002  434
    347     135     349  0  0002  435
    347     348     346  0  0002  436
    353     349     135  0  0002  437
    136     137     354  0  0002  438
    149     398     388  0  0002  439
    389     431     384  0  0002  440
    429     374     433  0  0002  441
    371     433     369  0  0002  442
    376     378     382  0  0002  443
     91      92     426  0  0002  444
    361     364     368  0  0002  445
    361      95      96  0  0002  446
    367     142     428  0  0002  447
    366     367     364  0  0002  448
    359     365     355  0  0002  449
    140     359     139  0  0002  450
    370     369     377  0  0002  451
     93      94     427  0  0002  452
    356     435     354  0  0002  453
    356     138     139  0  0002  454
    352     435     358  0  0002  455
    100     101     350  0  0002  456
    154     155     413  0  0002  457
    406     419     409  0  0002  458
    419     418     415  0  0002  459
     83      84     421  0  0002  460
    354     137     138  0  0002  461
    354     435     352  0  0002  462
    149     150     396  0  0002  463
    398     397     431  0  0002  464
    393     395     399  0  0002  465
    393     397     402  0  0002  466
    384     382     378  0  0002  467
    384     386     389  0  0002  468
    412     421     434  0  0002  469
     85      86     404  0  0002  470
    381      90      91  0  0002  471
    382     381     376  0  0002  472
    375     377     369  0  0002  473
    375     432     425  0  0002  474
    152     153     422  0  0002  475
    409     410     407  0  0002  476
    350     353     351  0  0002  477
    350     101     102  0  0002  478
    409     407     406  0  0002  479
    409     419     411  0  0002  480
    390     395     423  0  0002  481
     88      89     391  0  0002  482
    424     150     151  0  0002  483
    397     424     402  0  0002  484
    430     365     363  0  0002  485
    430      97      98  0  0002  486
    360     140     141  0  0002  487
    360     366     365  0  0002  488
    380     425     146  0  0002  489
    380     147     387  0  0002  490
    383     382     385  0  0002  491
    383      89      90  0  0002  492
    362      96      97  0  0002  493
    363     362     430  0  0002  494
    399     431     397  0  0002  495
    399     395     390  0  0002  496
    423      87     390  0  0002  497
    392     423     395  0  0002  498
    373     432     374  0  0002  499
    373     145     146  0  0002  500
    372      95     361  0  0002  501
    368     370     427  0  0002  502
    428     371     367  0  0002  503
    143     428     142  0  0002  504
    379      93     427  0  0002  505
    377     376     426  0  0002  506
    418     420     417  0  0002  507
     82      83     416  0  0002  508
    414     155     156  0  0002  509
    414     337     419  0  0002  510
    374     144     145  0  0002  511
    433     374     432  0  0002  512
    421      84     434  0  0002  513
    411     421     412  0  0002  514
    410     394     402  0  0002  515
    407     410     401  0  0002  516
    405     154     413  0  0002  517
    405     407     401  0  0002  518
    427      94     372  0  0002  519
    427     370     379  0  0002  520
    387     147     148  0  0002  521
    387     389     386  0  0002  522
    408     394     410  0  0002  523
    403     408     412  0  0002  524
    429     433     371  0  0002  525
    144     429     143  0  0002  526
    426      92     379  0  0002  527
    426     376     381  0  0002  528
    391     390      88  0  0002  529
    391      89     383  0  0002  530
    388     148     149  0  0002  531
    389     388     398  0  0002  532
    404     403      85  0  0002  533
    404      86     423  0  0002  534
    400     152     422  0  0002  535
    400     402     424  0  0002  536
    420      80      81  0  0002  537
    158     420     418  0  0002  538
    396     398     149  0  0002  539
    424     396     150  0  0002  540
    413     155     414  0  0002  541
    413     406     405  0  0002  542
    417     415     418  0  0002  543
     81     417     420  0  0002  544
    434      84      85  0  0002  545
    434     403     412  0  0002  546
    416     415      82  0  0002  547
    416      83     421  0  0002  548
    422     153     405  0  0002  549
    422     401     400  0  0002  550
    436     235     236  0  0003  551
    198     196     197  0  0003  552
    199     196     198  0  0003  553
    199     195     196  0  0003  554
    200     195     199  0  0003  555
    200     194     195  0  0003  556
    201     194     200  0  0003  557
    201     193     194  0  0003  558
    202     193     201  0  0003  559
    202     192     193  0  0003  560
    203     192     202  0  0003  561
    203     191     192  0  0003  562
    204     191     203  0  0003  563
    437     191     204  0  0003  564
    205     190     437  0  0003  565
    438     190     205  0  0003  566
    439     438     206  0  0003  567
    439     189     438  0  0003  568
    440     439     207  0  0003  569
    440     188     439  0  0003  570
    441     440     208  0  0003  571
    441     187     440  0  0003  572
    442     441     209  0  0003  573
    442     186     441  0  0003  574
    443     442     210  0  0003  575
    443     185     442  0  0003  576
    444     443     211  0  0003  577
    444     184     443  0  0003  578
    445     444     212  0  0003  579
    445     183     444  0  0003  580
    213     214     446  0  0003  581
    182     445     447  0  0003  582
    446     448     447  0  0003  583
    182     447     181  0  0003  584
    449     450     451  0  0003  585
    448     452     449  0  0003  586
    452     453     450  0  0003  587
    453     451     450  0  0003  588
    218     454     455  0  0003  589
    454     456     457  0  0003  590
    458     454     218  0  0003  591
    451     178     179  0  0003  592
    458     219     459  0  0003  593
    460     461     462  0  0003  594
    462     463     460  0  0003  595
    464     465     462  0  0003  596
    220     466     465  0  0003  597
    467     468     469  0  0003  598
    467     470     468  0  0003  599
    460     467     471  0  0003  600
    224     472     473  0  0003  601
    474     475     476  0  0003  602
    477     475     474  0  0003  603
    469     474     478  0  0003  604
    479     225     226  0  0003  605
    480     481     482  0  0003  606
    483     484     481  0  0003  607
    475     485     483  0  0003  608
    485     479     486  0  0003  609
    486     487     488  0  0003  610
    484     489     490  0  0003  611
    491     492     493  0  0003  612
    492     491     494  0  0003  613
    495     496     497  0  0003  614
    498     489     484  0  0003  615
    499     500     501  0  0003  616
    491     502     503  0  0003  617
    504     505     506  0  0003  618
    507     491     493  0  0003  619
    508     507     509  0  0003  620
    508     510     511  0  0003  621
    512     513     505  0  0003  622
    510     514     515  0  0003  623
    161     516     160  0  0003  624
    517     436     237  0  0003  625
    518     514     510  0  0003  626
    237     159     519  0  0003  627
    235     436     513  0  0003  628
    520     510     515  0  0003  629
    504     500     521  0  0003  630
    522     491     503  0  0003  631
    496     495     523  0  0003  632
    169     480     482  0  0003  633
    485     524     479  0  0003  634
    474     525     478  0  0003  635
    467     526     471  0  0003  636
    470     527     528  0  0003  637
    527     222     528  0  0003  638
    461     460     175  0  0003  639
    177     456     529  0  0003  640
    220     465     459  0  0003  641
    166     167     489  0  0003  642
    530     488     497  0  0003  643
    475     531     524  0  0003  644
    487     486     227  0  0003  645
    477     532     531  0  0003  646
    225     524     472  0  0003  647
    164     502     533  0  0003  648
    501     500     509  0  0003  649
    171     172     478  0  0003  650
    532     477     468  0  0003  651
    179     449     451  0  0003  652
    453     452     215  0  0003  653
    178     451     457  0  0003  654
    453     217     455  0  0003  655
    456     464     529  0  0003  656
    457     455     454  0  0003  657
    214     215     452  0  0003  658
    181     448     449  0  0003  659
    173     174     471  0  0003  660
    467     463     470  0  0003  661
    470     463     466  0  0003  662
    473     528     223  0  0003  663
    464     458     459  0  0003  664
    220     221     466  0  0003  665
    525     480     170  0  0003  666
    484     483     530  0  0003  667
    445     182     183  0  0003  668
    213     445     212  0  0003  669
    444     183     184  0  0003  670
    212     444     211  0  0003  671
    499     523     230  0  0003  672
    496     492     498  0  0003  673
    443     184     185  0  0003  674
    211     443     210  0  0003  675
    442     185     186  0  0003  676
    210     442     209  0  0003  677
    445     213     446  0  0003  678
    181     447     448  0  0003  679
    441     186     187  0  0003  680
    209     441     208  0  0003  681
    232     233     504  0  0003  682
    508     511     507  0  0003  683
    439     188     189  0  0003  684
    207     439     206  0  0003  685
    161     514     516  0  0003  686
    517     518     436  0  0003  687
    440     187     188  0  0003  688
    208     440     207  0  0003  689
    524     485     475  0  0003  690
    524     531     472  0  0003  691
    437     190     191  0  0003  692
    205     437     204  0  0003  693
    438     189     190  0  0003  694
    206     438     205  0  0003  695
    518     505     513  0  0003  696
    237     436     236  0  0003  697
    177     178     457  0  0003  698
    464     456     454  0  0003  699
    457     534     455  0  0003  700
    457     456     177  0  0003  701
    462     465     463  0  0003  702
    176     529     461  0  0003  703
    490     482     484  0  0003  704
    484     530     498  0  0003  705
    230     231     499  0  0003  706
    501     493     492  0  0003  707
    491     507     502  0  0003  708
    165     166     522  0  0003  709
    446     214     448  0  0003  710
    446     447     445  0  0003  711
    452     448     214  0  0003  712
    215     216     453  0  0003  713
    228     497     487  0  0003  714
    488     530     483  0  0003  715
    528     473     532  0  0003  716
    470     532     468  0  0003  717
    476     475     481  0  0003  718
    170     171     525  0  0003  719
    460     463     467  0  0003  720
    460     174     175  0  0003  721
    466     221     527  0  0003  722
    465     466     463  0  0003  723
    458     464     454  0  0003  724
    219     458     218  0  0003  725
    469     468     477  0  0003  726
    172     173     526  0  0003  727
    455     534     453  0  0003  728
    455     217     218  0  0003  729
    451     534     457  0  0003  730
    179     180     449  0  0003  731
    233     234     512  0  0003  732
    505     518     508  0  0003  733
    518     517     514  0  0003  734
    162     163     520  0  0003  735
    453     216     217  0  0003  736
    453     534     451  0  0003  737
    228     229     495  0  0003  738
    497     496     530  0  0003  739
    492     494     498  0  0003  740
    492     496     501  0  0003  741
    483     481     475  0  0003  742
    483     485     488  0  0003  743
    511     520     533  0  0003  744
    164     165     503  0  0003  745
    480     169     170  0  0003  746
    481     480     476  0  0003  747
    477     531     475  0  0003  748
    477     474     469  0  0003  749
    231     232     521  0  0003  750
    508     509     506  0  0003  751
    449     452     450  0  0003  752
    449     180     181  0  0003  753
    508     506     505  0  0003  754
    508     518     510  0  0003  755
    489     494     522  0  0003  756
    167     168     490  0  0003  757
    523     229     230  0  0003  758
    496     523     501  0  0003  759
    529     464     462  0  0003  760
    529     176     177  0  0003  761
    459     219     220  0  0003  762
    459     465     464  0  0003  763
    479     524     225  0  0003  764
    479     226     486  0  0003  765
    482     481     484  0  0003  766
    482     168     169  0  0003  767
    461     175     176  0  0003  768
    462     461     529  0  0003  769
    498     530     496  0  0003  770
    498     494     489  0  0003  771
    522     166     489  0  0003  772
    491     522     494  0  0003  773
    472     531     473  0  0003  774
    472     224     225  0  0003  775
    471     174     460  0  0003  776
    467     469     526  0  0003  777
    527     470     466  0  0003  778
    222     527     221  0  0003  779
    478     172     526  0  0003  780
    474     476     525  0  0003  781
    517     519     516  0  0003  782
    161     162     515  0  0003  783
    513     234     235  0  0003  784
    513     436     518  0  0003  785
    473     223     224  0  0003  786
    532     473     531  0  0003  787
    520     163     533  0  0003  788
    510     520     511  0  0003  789
    509     493     501  0  0003  790
    506     509     500  0  0003  791
    504     233     512  0  0003  792
    504     506     500  0  0003  793
    526     173     471  0  0003  794
    526     469     478  0  0003  795
    486     226     227  0  0003  796
    486     488     485  0  0003  797
    507     493     509  0  0003  798
    502     507     511  0  0003  799
    528     532     470  0  0003  800
    223     528     222  0  0003  801
    525     171     478  0  0003  802
    525     476     480  0  0003  803
    490     489     167  0  0003  804
    490     168     482  0  0003  805
    487     227     228  0  0003  806
    488     487     497  0  0003  807
    503     502     164  0  0003  808
    503     165     522  0  0003  809
    499     231     521  0  0003  810
    499     501     523  0  0003  811
    519     159     160  0  0003  812
    237     519     517  0  0003  813
    495     497     228  0  0003  814
    523     495     229  0  0003  815
    512     234     513  0  0003  816
    512     505     504  0  0003  817
    516     514     517  0  0003  818
    160     516     519  0  0003  819
    533     163     164  0  0003  820
    533     502     511  0  0003  821
    515     514     161  0  0003  822
    515     162     520  0  0003  823
    521     232     504  0  0003  824
    521     500     499  0  0003  825
