Airfoil type: NACA 63-415
Lift coefficients from experiments(Risø-R-1193)
42
-6.970547	-0.430070
-5.680224	-0.290210
-4.446003	-0.150350
-3.492286	-0.043124
-2.314165	0.078089
-1.248247	0.194639
-0.182328	0.311189
1.051893	0.460373
2.173913	0.567599
3.295933	0.688811
4.361851	0.796037
5.539972	0.903263
6.661992	0.987179
7.727910	1.089744
8.849930	1.168998
10.028050	1.238928
11.150070	1.294872
12.272090	1.322844
13.338008	1.332168
14.460028	1.313520
15.638149	1.266900
16.760168	1.220280
17.938289	1.182984
19.004208	1.141026
20.014025	1.071096
21.192146	0.973193
22.370266	0.954545
23.492286	0.884615
24.670407	0.824009
25.680224	0.791375
26.858345	0.730769
27.980365	0.707459
29.046283	0.693473
29.943899	0.674825
353.029453 -0.430070
354.319776 -0.290210
355.553997 -0.150350
356.507714 -0.043124
357.685835 0.078089
358.751753 0.194639
359.817672 0.311189
361.051893 0.460373
