variables=k,zz, dz, ratio, zw
    0.65000000000000E+02    0.10000000000000E+01    0.79365079365079E-02    0.00000000000000E+00    0.10158730158730E+01
    0.64000000000000E+02    0.99206349206349E+00    0.79365079365079E-02    0.10000000000000E+01    0.10000000000000E+01
    0.63000000000000E+02    0.97619047619048E+00    0.15873015873016E-01    0.50000000000000E+00    0.98412698412698E+00
    0.62000000000000E+02    0.96031746031746E+00    0.15873015873016E-01    0.10000000000000E+01    0.96825396825397E+00
    0.61000000000000E+02    0.94444444444444E+00    0.15873015873016E-01    0.99999999999999E+00    0.95238095238095E+00
    0.60000000000000E+02    0.92857142857143E+00    0.15873015873016E-01    0.10000000000000E+01    0.93650793650794E+00
    0.59000000000000E+02    0.91269841269841E+00    0.15873015873016E-01    0.99999999999999E+00    0.92063492063492E+00
    0.58000000000000E+02    0.89682539682540E+00    0.15873015873016E-01    0.10000000000000E+01    0.90476190476190E+00
    0.57000000000000E+02    0.88095238095238E+00    0.15873015873016E-01    0.99999999999999E+00    0.88888888888889E+00
    0.56000000000000E+02    0.86507936507937E+00    0.15873015873016E-01    0.10000000000000E+01    0.87301587301587E+00
    0.55000000000000E+02    0.84920634920635E+00    0.15873015873016E-01    0.99999999999999E+00    0.85714285714286E+00
    0.54000000000000E+02    0.83333333333333E+00    0.15873015873016E-01    0.10000000000000E+01    0.84126984126984E+00
    0.53000000000000E+02    0.81746031746032E+00    0.15873015873016E-01    0.99999999999999E+00    0.82539682539683E+00
    0.52000000000000E+02    0.80158730158730E+00    0.15873015873016E-01    0.10000000000000E+01    0.80952380952381E+00
    0.51000000000000E+02    0.78571428571429E+00    0.15873015873016E-01    0.99999999999999E+00    0.79365079365079E+00
    0.50000000000000E+02    0.76984126984127E+00    0.15873015873016E-01    0.10000000000000E+01    0.77777777777778E+00
    0.49000000000000E+02    0.75396825396825E+00    0.15873015873016E-01    0.99999999999999E+00    0.76190476190476E+00
    0.48000000000000E+02    0.73809523809524E+00    0.15873015873016E-01    0.10000000000000E+01    0.74603174603175E+00
    0.47000000000000E+02    0.72222222222222E+00    0.15873015873016E-01    0.99999999999999E+00    0.73015873015873E+00
    0.46000000000000E+02    0.70634920634921E+00    0.15873015873016E-01    0.10000000000000E+01    0.71428571428571E+00
    0.45000000000000E+02    0.69047619047619E+00    0.15873015873016E-01    0.99999999999999E+00    0.69841269841270E+00
    0.44000000000000E+02    0.67460317460317E+00    0.15873015873016E-01    0.10000000000000E+01    0.68253968253968E+00
    0.43000000000000E+02    0.65873015873016E+00    0.15873015873016E-01    0.99999999999999E+00    0.66666666666667E+00
    0.42000000000000E+02    0.64285714285714E+00    0.15873015873016E-01    0.10000000000000E+01    0.65079365079365E+00
    0.41000000000000E+02    0.62698412698413E+00    0.15873015873016E-01    0.99999999999999E+00    0.63492063492063E+00
    0.40000000000000E+02    0.61111111111111E+00    0.15873015873016E-01    0.10000000000000E+01    0.61904761904762E+00
    0.39000000000000E+02    0.59523809523810E+00    0.15873015873016E-01    0.99999999999999E+00    0.60317460317460E+00
    0.38000000000000E+02    0.57936507936508E+00    0.15873015873016E-01    0.10000000000000E+01    0.58730158730159E+00
    0.37000000000000E+02    0.56349206349206E+00    0.15873015873016E-01    0.99999999999999E+00    0.57142857142857E+00
    0.36000000000000E+02    0.54761904761905E+00    0.15873015873016E-01    0.10000000000000E+01    0.55555555555556E+00
    0.35000000000000E+02    0.53174603174603E+00    0.15873015873016E-01    0.99999999999999E+00    0.53968253968254E+00
    0.34000000000000E+02    0.51587301587302E+00    0.15873015873016E-01    0.10000000000000E+01    0.52380952380952E+00
    0.33000000000000E+02    0.50000000000000E+00    0.15873015873016E-01    0.99999999999999E+00    0.50793650793651E+00
    0.32000000000000E+02    0.48412698412698E+00    0.15873015873016E-01    0.10000000000000E+01    0.49206349206349E+00
    0.31000000000000E+02    0.46825396825397E+00    0.15873015873016E-01    0.10000000000000E+01    0.47619047619048E+00
    0.30000000000000E+02    0.45238095238095E+00    0.15873015873016E-01    0.10000000000000E+01    0.46031746031746E+00
    0.29000000000000E+02    0.43650793650794E+00    0.15873015873016E-01    0.10000000000000E+01    0.44444444444444E+00
    0.28000000000000E+02    0.42063492063492E+00    0.15873015873016E-01    0.10000000000000E+01    0.42857142857143E+00
    0.27000000000000E+02    0.40476190476190E+00    0.15873015873016E-01    0.10000000000000E+01    0.41269841269841E+00
    0.26000000000000E+02    0.38888888888889E+00    0.15873015873016E-01    0.10000000000000E+01    0.39682539682540E+00
    0.25000000000000E+02    0.37301587301587E+00    0.15873015873016E-01    0.10000000000000E+01    0.38095238095238E+00
    0.24000000000000E+02    0.35714285714286E+00    0.15873015873016E-01    0.10000000000000E+01    0.36507936507937E+00
    0.23000000000000E+02    0.34126984126984E+00    0.15873015873016E-01    0.10000000000000E+01    0.34920634920635E+00
    0.22000000000000E+02    0.32539682539683E+00    0.15873015873016E-01    0.10000000000000E+01    0.33333333333333E+00
    0.21000000000000E+02    0.30952380952381E+00    0.15873015873016E-01    0.10000000000000E+01    0.31746031746032E+00
    0.20000000000000E+02    0.29365079365079E+00    0.15873015873016E-01    0.10000000000000E+01    0.30158730158730E+00
    0.19000000000000E+02    0.27777777777778E+00    0.15873015873016E-01    0.10000000000000E+01    0.28571428571429E+00
    0.18000000000000E+02    0.26190476190476E+00    0.15873015873016E-01    0.10000000000000E+01    0.26984126984127E+00
    0.17000000000000E+02    0.24603174603175E+00    0.15873015873016E-01    0.10000000000000E+01    0.25396825396825E+00
    0.16000000000000E+02    0.23015873015873E+00    0.15873015873016E-01    0.10000000000000E+01    0.23809523809524E+00
    0.15000000000000E+02    0.21428571428571E+00    0.15873015873016E-01    0.10000000000000E+01    0.22222222222222E+00
    0.14000000000000E+02    0.19841269841270E+00    0.15873015873016E-01    0.10000000000000E+01    0.20634920634921E+00
    0.13000000000000E+02    0.18253968253968E+00    0.15873015873016E-01    0.10000000000000E+01    0.19047619047619E+00
    0.12000000000000E+02    0.16666666666667E+00    0.15873015873016E-01    0.10000000000000E+01    0.17460317460317E+00
    0.11000000000000E+02    0.15079365079365E+00    0.15873015873016E-01    0.10000000000000E+01    0.15873015873016E+00
    0.10000000000000E+02    0.13492063492063E+00    0.15873015873016E-01    0.10000000000000E+01    0.14285714285714E+00
    0.90000000000000E+01    0.11904761904762E+00    0.15873015873016E-01    0.10000000000000E+01    0.12698412698413E+00
    0.80000000000000E+01    0.10317460317460E+00    0.15873015873016E-01    0.10000000000000E+01    0.11111111111111E+00
    0.70000000000000E+01    0.87301587301587E-01    0.15873015873016E-01    0.10000000000000E+01    0.95238095238095E-01
    0.60000000000000E+01    0.71428571428571E-01    0.15873015873016E-01    0.10000000000000E+01    0.79365079365079E-01
    0.50000000000000E+01    0.55555555555556E-01    0.15873015873016E-01    0.10000000000000E+01    0.63492063492063E-01
    0.40000000000000E+01    0.39682539682540E-01    0.15873015873016E-01    0.10000000000000E+01    0.47619047619048E-01
    0.30000000000000E+01    0.23809523809524E-01    0.15873015873016E-01    0.10000000000000E+01    0.31746031746032E-01
    0.20000000000000E+01    0.79365079365079E-02    0.15873015873016E-01    0.10000000000000E+01    0.15873015873016E-01
    0.10000000000000E+01    0.00000000000000E+00    0.79365079365079E-02    0.20000000000000E+01    0.00000000000000E+00
