Airfoil type: NACA-0009
Drag coefficients from experiment (SAND80-2114)
104
-180.43	0.00318
-175.52	0.02549
-170.36	0.10809
-165.37	0.19029
-160.18	0.28511
-155.33	0.39420
-150.02	0.54524
-145.10	0.73215
-140.19	0.93942
-135.17	1.09291
-130.23	1.28185
-125.10	1.35427
-120.07	1.50817
-115.01	1.55655
-110.02	1.77319
-105.20	1.58406
-100.18	1.72696
-95.31	1.72971
-90.20	1.81354
-85.15	1.77759
-80.16	1.83982
-75.22	1.76558
-70.22	1.68970
-65.45	1.67983
-60.26	1.49272
-55.47	1.36470
-50.39	1.27090
-45.48	1.13921
-42.58	1.04952
-40.42	0.91218
-38.41	0.86040
-34.57	0.74340
-32.50	0.67410
-30.36	0.59828
-28.49	0.56809
-26.27	0.44501
-22.52	0.37161
-20.46	0.29334
-18.37	0.26030
-14.31	0.19381
-12.63	0.16200
-10.44	0.10696
-9.22	0.01812
-8.37	0.02106
-7.54	0.02958
-6.41	0.01585
-5.58	0.02134
-4.37	0.01068
-3.52	0.01476
-2.44	0.00740
-1.48	0.00929
-0.42	0.00602
0.42	0.00602
1.48	0.00929
2.44	0.00740
3.52	0.01476
4.37	0.01068
5.58	0.02134
6.41	0.01585
7.54	0.02958
8.37	0.02106
9.22	0.01812
10.44	0.10696
12.63	0.16200
14.31	0.19381
18.37	0.26030
20.46	0.29334
22.52	0.37161
26.27	0.44501
28.49	0.56809
30.36	0.59828
32.50	0.67410
34.57	0.74340
38.41	0.86040
40.42	0.91218
42.58	1.04952
45.48	1.13921
50.39	1.27090
55.47	1.36470
60.26	1.49272
65.45	1.67983
70.22	1.68970
75.22	1.76558
80.16	1.83982
85.15	1.77759
90.20	1.81354
95.31	1.72971
100.18	1.72696
105.20	1.58406
110.02	1.77319
115.01	1.55655
120.07	1.50817
125.10	1.35427
130.23	1.28185
135.17	1.09291
140.19	0.93942
145.10	0.73215
150.02	0.54524
155.33	0.39420
160.18	0.28511
165.37	0.19029
170.36	0.10809
175.52	0.02549
180.43	0.00318
