             13622582
             27245164
             40867746
             54490328
             68112910
             81735492
             95358074
            108980656
            122603238
            136225820
            149848402
            163470984
            177093566
            190716148
            204338730
            217961312
            231583894
            245206476
            258829058
            272451640
            286074222
            299696804
            313319386
            326941968
            340564550
            354187132
            367809714
            381432296
            395054878
            408677460
            422300042
            435922624
            449545206
            463167788
            476790370
            490412952
            504035534
            517658116
            531280698
            544903280
            558525862
            572148444
            585771026
            599393608
            613016190
            626638772
            640261354
            653883936
            667506518
            681129100
            694751682
            708374264
            721996846
            735619428
            749242010
            762864592
            776487174
            790109756
            803732338
            817354920
            830977502
            844600084
            858222666
            871845248
            885467830
            899090412
            912712994
            926335576
            939958158
            953580740
            967203322
            980825904
            994448486
           1008071068
           1021693650
           1035316232
           1048938814
           1062561396
           1076183978
           1089806560
           1103429142
           1117051724
           1130674306
           1144296888
           1157919470
           1171542052
           1185164634
           1198787216
           1212409798
           1226032380
           1239654962
           1253277544
           1266900126
           1280522708
           1294145290
           1307767872
           1321390454
           1335013036
           1348635618
           1362258200
           1375880782
           1389503364
           1403125946
           1416748528
           1430371110
           1443993692
           1457616274
           1471238856
           1484861438
           1498484020
           1512106602
           1525729184
           1539351766
           1552974348
           1566596930
           1580219512
           1593842094
           1607464676
           1621087258
           1634709840
           1648332422
           1661955004
           1675577586
           1689200168
           1702822750
           1716445332
           1730067914
           1743690496
           1757313078
           1770935660
           1784558242
           1798180824
           1811803406
           1825425988
           1839048570
           1852671152
           1866293734
           1879916316
           1893538898
           1907161480
           1920784062
           1934406644
           1948029226
           1961651808
           1975274390
           1988896972
           2002519554
           2016142136
           2029764718
           2043387300
           2057009882
           2070632464
           2084255046
           2097877628
           2111500210
           2125122792
           2138745374
          -2147483648
          -2147483648
          -2147483648
          -2147483648
          -2147483648
          -2147483648
          -2147483648
          -2147483648
          -2147483648
          -2147483648
          -2147483648
          -2147483648
          -2147483648
          -2147483648
          -2147483648
          -2147483648
          -2147483648
          -2147483648
          -2147483648
          -2147483648
          -2147483648
          -2147483648
          -2147483648
          -2147483648
          -2147483648
          -2147483648
          -2147483648
          -2147483648
          -2147483648
          -2147483648
          -2147483648
          -2147483648
          -2147483648
          -2147483648
          -2147483648
          -2147483648
          -2147483648
          -2147483648
          -2147483648
          -2147483648
          -2147483648
          -2147483648
          -2147483648
          -2147483648
          -2147483648
          -2147483648
          -2147483648
          -2147483648
          -2147483648
          -2147483648
          -2147483648
          -2147483648
          -2147483648
          -2147483648
          -2147483648
          -2147483648
          -2147483648
          -2147483648
          -2147483648
          -2147483648
          -2147483648
          -2147483648
          -2147483648
          -2147483648
          -2147483648
          -2147483648
          -2147483648
          -2147483648
          -2147483648
          -2147483648
          -2147483648
          -2147483648
          -2147483648
          -2147483648
          -2147483648
          -2147483648
          -2147483648
          -2147483648
          -2147483648
          -2147483648
          -2147483648
          -2147483648
          -2147483648
          -2147483648
          -2147483648
          -2147483648
          -2147483648
          -2147483648
          -2147483648
          -2147483648
          -2147483648
          -2147483648
          -2147483648
          -2147483648
          -2147483648
          -2147483648
          -2147483648
          -2147483648
          -2147483648
          -2147483648
          -2147483648
          -2147483648
          -2147483648
          -2147483648
          -2147483648
          -2147483648
          -2147483648
          -2147483648
          -2147483648
          -2147483648
          -2147483648
          -2147483648
          -2147483648
          -2147483648
          -2147483648
          -2147483648
          -2147483648
          -2147483648
          -2147483648
          -2147483648
          -2147483648
          -2147483648
          -2147483648
          -2147483648
          -2147483648
          -2147483648
          -2147483648
          -2147483648
          -2147483648
          -2147483648
          -2147483648
          -2147483648
          -2147483648
          -2147483648
          -2147483648
          -2147483648
          -2147483648
          -2147483648
          -2147483648
          -2147483648
          -2147483648
          -2147483648
          -2147483648
          -2147483648
          -2147483648
          -2147483648
          -2147483648
          -2147483648
          -2147483648
          -2147483648
          -2147483648
          -2147483648
          -2147483648
          -2147483648
          -2147483648
          -2147483648
          -2147483648
          -2147483648
          -2147483648
          -2147483648
          -2147483648
          -2147483648
          -2147483648
