  0.43874999999958014       0.39750000000007507       0.12500000000000000       0.86346709315483927       -3.0627903313095508E-004   2.1317025513326955E-005
  0.44999999999956936       0.39750000000007507       0.12500000000000000       0.86349319912770695       -1.9612864493622221E-004   1.0511693790150372E-004
  0.46124999999955857       0.39750000000007507       0.12500000000000000       0.86354237364645037       -2.5763525760671209E-004   1.2557752700775464E-004
  0.47249999999954784       0.39750000000007507       0.12500000000000000       0.86350663424419372       -2.3418747799660179E-004   1.3044640853893802E-005
  0.48374999999953705       0.39750000000007507       0.12500000000000000       0.86352740314116994       -1.3567242404675001E-004   8.8772419349473667E-005
  0.49499999999952626       0.39750000000007507       0.12500000000000000       0.86357166317201317       -1.9666409996481468E-004   1.0982514481903000E-004
  0.50624999999951548       0.39750000000007507       0.12500000000000000       0.86353636320268967       -1.8082663458522557E-004   5.6207330811296556E-006
  0.51749999999950480       0.39750000000007507       0.12500000000000000       0.86355263052941100       -9.1407447876998171E-005   7.4533641071307014E-005
  0.52874999999949401       0.39750000000007507       0.12500000000000000       0.86359281302041735       -1.5103640205667840E-004   9.6234026561454656E-005
  0.53999999999948323       0.39750000000007507       0.12500000000000000       0.86355816076021596       -1.4108279767942057E-004  -8.1362501369414300E-007
  0.55124999999947244       0.39750000000007507       0.12500000000000000       0.86357075348594003       -5.8917069795615954E-005   6.2250015462300110E-005
  0.56249999999946165       0.39750000000007507       0.12500000000000000       0.86360764125525447       -1.1667918730689444E-004   8.4603779757257193E-005
  0.57374999999945098       0.39750000000007507       0.12500000000000000       0.86357386892240295       -1.1135532537961936E-004  -6.2341756223527192E-006
  0.58499999999944019       0.39750000000007507       0.12500000000000000       0.86358350106060489       -3.5072684013940424E-005   5.1735525362847313E-005
  0.59624999999942940       0.39750000000007507       0.12500000000000000       0.86361775293456988       -9.0678260446878895E-005   7.4719345855451578E-005
  0.60749999999941862       0.39750000000007507       0.12500000000000000       0.86358504874401376       -8.9054088332388446E-005  -1.0686036656609227E-005
  0.61874999999940783       0.39750000000007507       0.12500000000000000       0.86359229916460734       -1.7615682737879585E-005   4.2790655408584184E-005
  0.62999999999939704       0.39750000000007507       0.12500000000000000       0.86362444174474184       -7.0912848727775995E-005   6.6365319996616260E-005
  0.64124999999938637       0.39750000000007507       0.12500000000000000       0.86359293384956126       -7.2287796866231794E-005  -1.4252827968668966E-005
  0.65249999999937558       0.39750000000007507       0.12500000000000000       0.86359825665485979       -4.8941979667696566E-006   3.5216714282109706E-005
  0.66374999999936479       0.39750000000007507       0.12500000000000000       0.86362869938317033       -5.5821321336333850E-005   5.9335569561117122E-005
  0.67499999999935401       0.39750000000007507       0.12500000000000000       0.86359846044652022       -5.9661214007070119E-005  -1.7036333839486234E-005
  0.68624999999934322       0.39750000000007507       0.12500000000000000       0.86360220569586121        4.3104208705846661E-006   2.8824986088693011E-005
  0.69749999999933254       0.39750000000007507       0.12500000000000000       0.86363126228891429       -4.4244462154614530E-005   5.3439302081588254E-005
  0.70874999999932176       0.39750000000007507       0.12500000000000000       0.86360232064758313       -5.0137896602408513E-005  -1.9143332817441974E-005
  0.71999999999931097       0.39750000000007507       0.12500000000000000       0.86360475600641018        1.0902280864550814E-005   2.3442136589481249E-005
  0.73124999999930018       0.39750000000007507       0.12500000000000000       0.86363266526970395       -3.5317035445893610E-005   4.8504394758106590E-005
  0.74249999999928940       0.39750000000007507       0.12500000000000000       0.86360501673016554       -4.2944374633670841E-005  -2.0677423651901431E-005
  0.75374999999927872       0.39750000000007507       0.12500000000000000       0.86360634649528134        1.5554446007577096E-005   1.8912907620948675E-005
  0.76499999999926793       0.39750000000007507       0.12500000000000000       0.86363329006039058       -2.8390819736650471E-005   4.4378685892633638E-005
  0.77624999999925715       0.39750000000007507       0.12500000000000000       0.86360690809750029       -3.7501689234930731E-005  -2.1734320347571985E-005
  0.78749999999924636       0.39750000000007507       0.12500000000000000       0.86360728866095993        1.8768936567291393E-005   1.5100913535583898E-005
  0.79874999999923557       0.39750000000007507       0.12500000000000000       0.86363340516718035       -2.2978941026585898E-005   4.0929836377704420E-005
  0.80999999999922490       0.39750000000007507       0.12500000000000000       0.86360824895432864       -3.3375646365857293E-005  -2.2399505380547290E-005
  0.82124999999921411       0.39750000000007507       0.12500000000000000       0.86360780084835376        2.0920496095334662E-005   1.1888180163081396E-005
  0.83249999999920332       0.39750000000007507       0.12500000000000000       0.86363319687913476       -1.8715065933921754E-005   3.8044262237389474E-005
  0.84374999999919253       0.39750000000007507       0.12500000000000000       0.86360921726106832       -3.0240235507890203E-005  -2.2747432047815263E-005
  0.85499999999918175       0.39750000000007507       0.12500000000000000       0.86360803430333277        2.2288854840406673E-005   9.1739140349183627E-006
  0.86624999999917096       0.39750000000007507       0.12500000000000000       0.86363279263542414       -1.5323205224962094E-005   3.5625526606846737E-005
  0.87749999999916029       0.39750000000007507       0.12500000000000000       0.86360993638798433       -2.7850505995211293E-005  -2.2841696097250798E-005
  0.88874999999914950       0.39750000000007507       0.12500000000000000       0.86360809251498560        2.3082683356719816E-005   6.8728576063310862E-006
  0.89999999999913871       0.39750000000007507       0.12500000000000000       0.86363227825373057       -1.2595224323995457E-005   3.3592474987091942E-005
  0.91124999999912792       0.39750000000007507       0.12500000000000000       0.86361049101110809       -2.6022343025948239E-005  -2.2735771086067334E-005
  0.92249999999911714       0.39750000000007507       0.12500000000000000       0.86360804533268221        2.3457460089996872E-005   4.9134778174591985E-006
  0.93374999999910646       0.39750000000007507       0.12500000000000000       0.86363171043457820       -1.0374021190730715E-005   3.1877309258800670E-005
  0.94499999999909567       0.39750000000007507       0.12500000000000000       0.86361093862367200       -2.4617332618879432E-005  -2.2474032266445126E-005
  0.95624999999908489       0.39750000000007507       0.12500000000000000       0.86360793913887568        2.3528838429451621E-005   3.2361508264179851E-006
  0.96749999999907410       0.39750000000007507       0.12500000000000000       0.86363112572741596       -8.5409077912669668E-006   3.0423726365224021E-005
  0.97874999999906331       0.39750000000007507       0.12500000000000000       0.86361131778500844       -2.3531408538207078E-005  -2.2092889004666050E-005
  0.98999999999905253       0.39750000000007507       0.12500000000000000       0.86360780410514004        2.3382663815758500E-005   1.7914428676801896E-006
   1.0012499999990419       0.39750000000007507       0.12500000000000000       0.86363054689525698       -7.0061278498245631E-006   2.9185195801904400E-005
   1.0124999999990310       0.39750000000007507       0.12500000000000000       0.86361165398034723       -2.2686324251774207E-005  -2.1621913489325024E-005
   1.0237499999990203       0.39750000000007507       0.12500000000000000       0.86360765932262074        2.3082486635120547E-005   5.3854240021067369E-007
   1.0349999999990096       0.39750000000007507       0.12500000000000000       0.86362998739230157       -5.7017237176520184E-006   2.8123413414429153E-005
   1.0462499999989987       0.39750000000007507       0.12500000000000000       0.86361196375161131       -2.2023242136284112E-005  -2.1084900379567585E-005
   1.0574999999989880       0.39750000000007507       0.12500000000000000       0.86360751640044853        2.2675198124335062E-005  -5.5613183815877171E-007
   1.0687499999989771       0.39750000000007507       0.12500000000000000       0.86362945448695161       -4.5761671643164992E-006   2.7206944338803501E-005
   1.0799999999989665       0.39750000000007507       0.12500000000000000       0.86361225758832527       -2.1497912744268521E-005  -2.0500823539047165E-005
   1.0912499999989558       0.39750000000007507       0.12500000000000000       0.86360738196958486        2.2195257276502454E-005  -1.5201421049732971E-006
   1.1024999999989449       0.39750000000007507       0.12500000000000000       0.86362895142070306       -3.5903166873594891E-006   2.6410052225399653E-005
   1.1137499999989342       0.39750000000007507       0.12500000000000000       0.86361254193607095       -2.1077049621543719E-005  -1.9884676429193543E-005
   1.1249999999989233       0.39750000000007507       0.12500000000000000       0.86360725941048055        2.1667859303493654E-005  -2.3760696257523514E-006
   1.1362499999989126       0.39750000000007507       0.12500000000000000       0.86362847888598548       -2.7143732426721172E-006   2.5711702642981001E-005
   1.1474999999989020       0.39750000000007507       0.12500000000000000       0.86361282058100408       -2.0735603569776180E-005  -1.9248195390002859E-005
   1.1587499999988911       0.39750000000007507       0.12500000000000000       0.86360715003402078        2.1111308866089946E-005  -3.1423933917568456E-006
   1.1699999999988804       0.39750000000007507       0.12500000000000000       0.86362803602627836       -1.9255877449747421E-006   2.5094723757310198E-005
   1.1812499999988695       0.39750000000007507       0.12500000000000000       0.86361309559591304       -2.0454713698021083E-005  -1.8600472393703925E-005
   1.1924999999988588       0.39750000000007507       0.12500000000000000       0.86360705387990910        2.0538795968970652E-005  -3.8342270732502075E-006
   1.2037499999988481       0.39750000000007507       0.12500000000000000       0.86362762110351854       -1.2065346813789030E-006   2.4545105513257253E-005
   1.2149999999988372       0.39750000000007507       0.12500000000000000       0.86361336798005006       -2.0220167682655043E-005  -1.7948467688270732E-005
   1.2262499999988266       0.39750000000007507       0.12500000000000000       0.86360697024916255        1.9959723391910843E-005  -4.4639321871220580E-006
   1.2374999999988157       0.39750000000007507       0.12500000000000000       0.86362723193553881       -5.4381199605325432E-007   2.4051418537617440E-005
   1.2487499999988050       0.39750000000007507       0.12500000000000000       0.86361363808645220       -2.0021245047363078E-005  -1.7297434307672681E-005
   1.2599999999987941       0.39750000000007507       0.12500000000000000       0.86360689805316226        1.9380697655019429E-005  -5.0416250984727938E-006
   1.2712499999987834       0.39750000000007507       0.12500000000000000       0.86362686617591522        7.2938102156995982E-008   2.3604335051364592E-005
   1.2824999999987727       0.39750000000007507       0.12500000000000000       0.86361390590283904       -1.9849848447285301E-005  -1.6651266599241581E-005
   1.2937499999987618       0.39750000000007507       0.12500000000000000       0.86360683603721700        1.8806267753227009E-005  -5.5755940990225500E-006
   1.3049999999987512       0.39750000000007507       0.12500000000000000       0.86362652148691943        6.5176677726643202E-007   2.3196235723893428E-005
   1.3162499999987403       0.39750000000007507       0.12500000000000000       0.86361417123245288       -1.9699851421359941E-005  -1.6012784272362082E-005
   1.3274999999987296       0.39750000000007507       0.12500000000000000       0.86360678291914472        1.8239474977858740E-005  -6.0726410783809313E-006
   1.3387499999987189       0.39750000000007507       0.12500000000000000       0.86362619564085730        1.1989744200180264E-006   2.2820888285763283E-005
   1.3499999999987080       0.39750000000007507       0.12500000000000000       0.86361443380718961       -1.9566608780588937E-005  -1.5383962415008753E-005
   1.3612499999986973       0.39750000000007507       0.12500000000000000       0.86360673747101535        1.7682261391775718E-005  -6.5383604780480030E-006
   1.3724999999986864       0.39750000000007507       0.12500000000000000       0.86362588657420392        1.7195297261828052E-006   2.2473185618934611E-005
   1.3837499999986758       0.39750000000007507       0.12500000000000000       0.86361469335547292       -1.9446589136268907E-005  -1.4766116683161176E-005
   1.3949999999986651       0.39750000000007507       0.12500000000000000       0.86360669856348726        1.7135772659751343E-005  -6.9773664185924727E-006
   1.4062499999986542       0.39750000000007507       0.12500000000000000       0.86362559241127657        2.2173858731079976E-006   2.2148932854592596E-005
   1.4174999999986435       0.39750000000007507       0.12500000000000000       0.86361494964034746       -1.9337099119717982E-005  -1.4160051610560350E-005
   1.4287499999986326       0.39750000000007507       0.12500000000000000       0.86360666518605189        1.6600582012060034E-005  -7.3934772314305050E-006
   1.4399999999986219       0.39750000000007507       0.12500000000000000       0.86362531146883204        2.6957192814789245E-006   2.1844674655737810E-005
   1.4512499999986113       0.39750000000007507       0.12500000000000000       0.86361520247836077       -1.9236076414946765E-005  -1.3566178784921091E-005
   1.4624999999986004       0.39750000000007507       0.12500000000000000       0.86360663645220148        1.6076855402637822E-005  -7.7898651339061061E-006
   1.4737499999985897       0.39750000000007507       0.12500000000000000       0.86362504224924108        3.1571101328573419E-006   2.1557555316329532E-005
   1.4849999999985788       0.39750000000007507       0.12500000000000000       0.86361545174642240       -1.9141934415665129E-005  -1.2984610552946977E-005
   1.4962499999985681       0.39750000000007507       0.12500000000000000       0.86360661159559660        1.5564472883582066E-005  -8.1691774847251649E-006
   1.5074999999985574       0.39750000000007507       0.12500000000000000       0.86362478342731830        3.6036790588222178E-006   2.1285205574116619E-005
   1.5187499999985465       0.39750000000007507       0.12500000000000000       0.86361569738143062       -1.9053445605158602E-005  -1.2415233951238723E-005
   1.5299999999985359       0.39750000000007507       0.12500000000000000       0.86360658996121775        1.5063117425843962E-005  -8.5336349352038293E-006
   1.5412499999985250       0.39750000000007507       0.12500000000000000       0.86362453383408733        4.0371908379331878E-006   2.1025651107670980E-005
   1.5524999999985143       0.39750000000007507       0.12500000000000000       0.86361593937583603       -1.8969653974975658E-005  -1.1857768736035364E-005
   1.5637499999985036       0.39750000000007507       0.12500000000000000       0.86360657099410720        1.4572339578986807E-005  -8.8851108450527601E-006
   1.5749999999984927       0.39750000000007507       0.12500000000000000       0.86362429243958061        4.4591332478371017E-006   2.0777238597183451E-005
   1.5862499999984820       0.39750000000007507       0.12500000000000000       0.86361617777120159       -1.8889809218186141E-005  -1.1311812676254930E-005
   1.5974999999984711       0.39750000000007507       0.12500000000000000       0.86360655422732924        1.4091604232307858E-005  -9.2251955319766139E-006
   1.6087499999984605       0.39750000000007507       0.12500000000000000       0.86362405833593370        4.8707771963527417E-006   2.0538575987268317E-005
   1.6199999999984498       0.39750000000007507       0.12500000000000000       0.86361641265103495       -1.8813317250204874E-005  -1.0776876685605890E-005
   1.6312499999984389       0.39750000000007507       0.12500000000000000       0.86360653927013864        1.3620324143021626E-005  -9.5552482673467569E-006
   1.6424999999984282       0.39750000000007507       0.12500000000000000       0.86362383072149917        5.2732227331364180E-006   2.0308484215108327E-005
   1.6537499999984173       0.39750000000007507       0.12500000000000000       0.86361664413368666       -1.8739702972637567E-005  -1.0252411876686223E-005
   1.6649999999984066       0.39750000000007507       0.12500000000000000       0.86360652579692310        1.3157883708383080E-005  -9.8764393808679133E-006
   1.6762499999983957       0.39750000000007507       0.12500000000000000       0.86362360888635747        5.6674344051008786E-006   2.0085958185083278E-005
   1.6874999999983851       0.39750000000007507       0.12500000000000000       0.86361687236574991       -1.8668582218378640E-005  -9.7378302162459619E-006
   1.6987499999983744       0.39750000000007507       0.12500000000000000       0.86360651353719520        1.2703655563573914E-005  -1.0189784389531858E-005
   1.7099999999983635       0.39750000000007507       0.12500000000000000       0.86362339219935225        6.0542685572576335E-006   1.9870135195573935E-005
   1.7212499999983528       0.39750000000007507       0.12500000000000000       0.86361709751618509       -1.8599640584866513E-005  -9.2325201273722032E-006
   1.7324999999983419       0.39750000000007507       0.12500000000000000       0.86360650226674640        1.2257011922108034E-005  -1.0496171700093284E-005
   1.7437499999983312       0.39750000000007507       0.12500000000000000       0.86362318009666894        6.4344945387243151E-006   1.9660269365593956E-005
   1.7549999999983206       0.39750000000007507       0.12500000000000000       0.86361731977126044       -1.8532617435257288E-005  -8.7358581181692486E-006
   1.7662499999983097       0.39750000000007507       0.12500000000000000       0.86360649179995774        1.1817332079442643E-005  -1.0796385136805046E-005
   1.7774999999982990       0.39750000000007507       0.12500000000000000       0.86362297207186622        6.8088112894495836E-006   1.9455710893281574E-005
   1.7887499999982881       0.39750000000007507       0.12500000000000000       0.86361753933030605       -1.8467293779335831E-005  -8.2472172915717300E-006
  0.43874999999958014       0.39750000000007507       0.12500000000000000       0.86094117689155258       -5.7031510331035263E-004   1.9814993717676431E-004
  0.44999999999956936       0.39750000000007507       0.12500000000000000       0.86100690595565244       -4.6797042072816515E-004   7.1787414109043818E-005
  0.46124999999955857       0.39750000000007507       0.12500000000000000       0.86113286945482015       -6.1201466478983952E-004   1.8334736456611324E-004
  0.47249999999954784       0.39750000000007507       0.12500000000000000       0.86104762983253857       -4.2136738034868166E-004   1.7135888490609424E-004
  0.48374999999953705       0.39750000000007507       0.12500000000000000       0.86109937555180571       -3.3261602916981878E-004   5.4539563559008502E-005
  0.49499999999952626       0.39750000000007507       0.12500000000000000       0.86121238195975491       -4.7900092003874781E-004   1.5481193849474232E-004
  0.50624999999951548       0.39750000000007507       0.12500000000000000       0.86112823113501447       -3.1158055309046264E-004   1.4801443737059799E-004
  0.51749999999950480       0.39750000000007507       0.12500000000000000       0.86116833323955844       -2.3246630959167103E-004   3.9382398317598811E-005
  0.52874999999949401       0.39750000000007507       0.12500000000000000       0.86127064344142812       -3.7890006788449809E-004   1.3027357003722562E-004
  0.53999999999948323       0.39750000000007507       0.12500000000000000       0.86118809671725349       -2.3034011781899007E-004   1.2786445929159512E-004
  0.55124999999947244       0.39750000000007507       0.12500000000000000       0.86121874554159483       -1.5809980690876445E-004   2.6331846075209614E-005
  0.56249999999946165       0.39750000000007507       0.12500000000000000       0.86131240042282353       -3.0311285068895951E-004   1.0928864293175559E-004
  0.57374999999945098       0.39750000000007507       0.12500000000000000       0.86123200781678433       -1.7013200138173051E-004   1.1062384600818235E-004
  0.58499999999944019       0.39750000000007507       0.12500000000000000       0.86125505639541289       -1.0279276293721831E-004   1.5299149753344935E-005
  0.59624999999942940       0.39750000000007507       0.12500000000000000       0.86134175370292732       -2.4544325547793305E-004   9.1438305942926674E-005
  0.60749999999941862       0.39750000000007507       0.12500000000000000       0.86126395674729295       -1.2552568678193241E-004   9.5989029195834598E-005
  0.61874999999940783       0.39750000000007507       0.12500000000000000       0.86128089670897390       -6.1658069990996748E-005   6.1288332674154470E-006
  0.62999999999939704       0.39750000000007507       0.12500000000000000       0.86136199062734786       -2.0135414728556064E-004   7.6325797751068531E-005
  0.64124999999938637       0.39750000000007507       0.12500000000000000       0.86128708917838659       -9.2540587000889958E-005   8.3651578692064878E-005
  0.65249999999937558       0.39750000000007507       0.12500000000000000       0.86129908964473967       -3.1099213785947449E-005  -1.3706027765321022E-006
  0.66374999999936479       0.39750000000007507       0.12500000000000000       0.86137563677379148       -1.6748626521611272E-004   6.3582005685902543E-005
  0.67499999999935401       0.39750000000007507       0.12500000000000000       0.86130380177106436       -6.8231320040593532E-005   7.3312777402299265E-005
  0.68624999999934322       0.39750000000007507       0.12500000000000000       0.86131176717891045       -8.4477411028366702E-006  -7.4037878404702906E-006
  0.69749999999933254       0.39750000000007507       0.12500000000000000       0.86138458296974318       -1.4133404505016023E-004   5.2868862979099635E-005
  0.70874999999932176       0.39750000000007507       0.12500000000000000       0.86131588213717214       -5.0405325215143162E-005   6.4691238523564650E-005
  0.71999999999931097       0.39750000000007507       0.12500000000000000       0.86132050739606425        8.2865435952568492E-006  -1.2174999457767088E-005
  0.73124999999930018       0.39750000000007507       0.12500000000000000       0.86139021781983605       -1.2101944062884546E-004   4.3881383850832822E-005
  0.74249999999928940       0.39750000000007507       0.12500000000000000       0.86132464246610141       -3.7424252034036585E-005   5.7529684378431412E-005
  0.75374999999927872       0.39750000000007507       0.12500000000000000       0.86132646124392187        2.0592814899396994E-005  -1.5876497459709268E-005
  0.76499999999926793       0.39750000000007507       0.12500000000000000       0.86139354755994180       -1.0513009854870474E-004   3.6350544966298999E-005
  0.77624999999925715       0.39750000000007507       0.12500000000000000       0.86133103674106637       -2.8061230080952582E-005   5.1598954986236123E-005
  0.78749999999924636       0.39750000000007507       0.12500000000000000       0.86133046051523077        2.9587317642571371E-005  -1.8683306216082436E-005
  0.79874999999923557       0.39750000000007507       0.12500000000000000       0.86139529417423644       -9.2601636512931626E-005   3.0041168173972272E-005
  0.80999999999922490       0.39750000000007507       0.12500000000000000       0.86133575259673723       -2.1396611191405815E-005   4.6697217420109305E-005
  0.82124999999921411       0.39750000000007507       0.12500000000000000       0.86133310012110953        3.6107464969531741E-005  -2.0751281251239774E-005
  0.83249999999920332       0.39750000000007507       0.12500000000000000       0.86139596959500064       -8.2630661769687172E-005   2.4750600598691157E-005
  0.84374999999919253       0.39750000000007507       0.12500000000000000       0.86133928169122764       -1.6740779443555355E-005   4.2650635654169234E-005
  0.85499999999918175       0.39750000000007507       0.12500000000000000       0.86133480253740780        4.0781651171571391E-005  -2.2214934544875129E-005
  0.86624999999917096       0.39750000000007507       0.12500000000000000       0.86139593453467256       -7.4610109989000376E-005   2.0306818857514315E-005
  0.87749999999916029       0.39750000000007507       0.12500000000000000       0.86134197474581331       -1.3576804300090173E-005   3.9311065746069440E-005
  0.88874999999914950       0.39750000000007507       0.12500000000000000       0.86133586637413051        4.4081218797443115E-005  -2.3189545834941581E-005
  0.89999999999913871       0.39750000000007507       0.12500000000000000       0.86139544071640917       -6.8080906412506682E-005   1.6563836384194854E-005
  0.91124999999912792       0.39750000000007507       0.12500000000000000       0.86134407981738292       -1.1517475442952134E-005   3.6552855028507331E-005
  0.92249999999911714       0.39750000000007507       0.12500000000000000       0.86133650013523522        4.6359523938692488E-005  -2.3772308417958255E-005
  0.93374999999910646       0.39750000000007507       0.12500000000000000       0.86139466139797993       -6.2695533078579064E-005   1.3399729321681440E-005
  0.94499999999909567       0.39750000000007507       0.12500000000000000       0.86134577165131887       -1.0273003964633710E-005   3.4271557556036352E-005
  0.95624999999908489       0.39750000000007507       0.12500000000000000       0.86133684913244590        4.7881236226603828E-005  -2.4043527771150205E-005
  0.96749999999907410       0.39750000000007507       0.12500000000000000       0.86139371545831123       -5.8190715244982568E-005   1.0713108179923379E-005
  0.97874999999906331       0.39750000000007507       0.12500000000000000       0.86134717344699563       -9.6268569672855784E-006   3.2380025778422005E-005
  0.98999999999905253       0.39750000000007507       0.12500000000000000       0.86133701371819449        4.8844327784911025E-005  -2.4070036758524482E-005
   1.0012499999990419       0.39750000000007507       0.12500000000000000       0.86139268257243484       -5.4366788461096151E-005   8.4194114333616539E-006
   1.0124999999990310       0.39750000000007507       0.12500000000000000       0.86134837068980286       -9.4174664249968767E-006   3.0806139895966294E-005
   1.0237499999990203       0.39750000000007507       0.12500000000000000       0.86133706189007331        4.9396736680795609E-005  -2.3906090027446514E-005
   1.0349999999990096       0.39750000000007507       0.12500000000000000       0.86139161518768559       -5.1072079964049842E-005   6.4495016562906322E-006
   1.0462499999989987       0.39750000000007507       0.12500000000000000       0.86134942312758245       -9.5244999003029787E-006   2.9491180510958282E-005
   1.0574999999989880       0.39750000000007507       0.12500000000000000       0.86133704009186252        4.9648808315766178E-005  -2.3595503601067349E-005
   1.0687499999989771       0.39750000000007507       0.12500000000000000       0.86139054756348721       -4.8191229943776314E-005   4.7462140034992713E-006
   1.0799999999989665       0.39750000000007507       0.12500000000000000       0.86135037229445177       -9.8585832922896581E-006   2.8386497193160617E-005
   1.0912499999989558       0.39750000000007507       0.12500000000000000       0.86133697894355399        4.9682689023833841E-005  -2.3174061315929387E-005
   1.1024999999989449       0.39750000000007507       0.12500000000000000       0.86138950042754125       -4.5636281639227254E-005   3.2624990227711940E-006
   1.1137499999989342       0.39750000000007507       0.12500000000000000       0.86135124631477844       -1.0353468008142369E-005   2.7452696556789015E-005
   1.1249999999989233       0.39750000000007507       0.12500000000000000       0.86133689823044768        4.9559444231524366E-005  -2.2669797351984568E-005
   1.1362499999989126       0.39750000000007507       0.12500000000000000       0.86138848609857899       -4.3339984311761492E-005   1.9603573110837980E-006
   1.1474999999989020       0.39750000000007507       0.12500000000000000       0.86135206499754047       -1.0960234383434777E-005   2.6657907739227026E-005
   1.1587499999988911       0.39750000000007507       0.12500000000000000       0.86133681098539872        4.9324308035613947E-005  -2.2105220148090895E-005
   1.1699999999988804       0.39750000000007507       0.12500000000000000       0.86138751121868762       -4.1250793217005852E-005   8.0817797814627486E-007
   1.1812499999988695       0.39750000000007507       0.12500000000000000       0.86135284166357140       -1.1642916119874722E-005   2.5975760151600558E-005
   1.1924999999988588       0.39750000000007507       0.12500000000000000       0.86133672470207245        4.9010710342072835E-005  -2.1498249553321197E-005
   1.2037499999988481       0.39750000000007507       0.12500000000000000       0.86138657805642205       -3.9328999743296544E-005  -2.1962290280815736E-007
   1.2149999999988372       0.39750000000007507       0.12500000000000000       0.86135358520890892       -1.2375163791400222E-005   2.5385403832345170E-005
   1.2262499999988266       0.39750000000007507       0.12500000000000000       0.86133664385652542        4.8643279521266053E-005  -2.0862418136830849E-005
   1.2374999999988157       0.39750000000007507       0.12500000000000000       0.86138568700411011       -3.7543891662052221E-005  -1.1437593068192451E-006
   1.2487499999988050       0.39750000000007507       0.12500000000000000       0.86135430216257836       -1.3137838112113942E-005   2.4869744704973745E-005
   1.2599999999987941       0.39750000000007507       0.12500000000000000       0.86133657094709715        4.8240039153879072E-005  -2.0208710388695921E-005
   1.2712499999987834       0.39750000000007507       0.12500000000000000       0.86138483669181320       -3.5871594525772569E-005  -1.9816425777722056E-006
   1.2824999999987727       0.39750000000007507       0.12500000000000000       0.86135499654723913       -1.3917132686177947E-005   2.4414767508891718E-005
   1.2937499999987618       0.39750000000007507       0.12500000000000000       0.86133650656842453        4.7814144383157387E-005  -1.9545376506900462E-005
   1.3049999999987512       0.39750000000007507       0.12500000000000000       0.86138402468986752       -3.4293387814895450E-005  -2.7470358004712654E-006
   1.3162499999987403       0.39750000000007507       0.12500000000000000       0.86135567131524127       -1.4703182454395379E-005   2.4009616667255979E-005
   1.3274999999987296       0.39750000000007507       0.12500000000000000       0.86133645098813472        4.7375109878966087E-005  -1.8878486118571234E-005
   1.3387499999987189       0.39750000000007507       0.12500000000000000       0.86138324863593585       -3.2794522318620421E-005  -3.4513976424436871E-006
   1.3499999999987080       0.39750000000007507       0.12500000000000000       0.86135632875695523       -1.5489079229228281E-005   2.3645061601357717E-005
   1.3612499999986973       0.39750000000007507       0.12500000000000000       0.86133640375511211        4.6929736899927055E-005  -1.8213039465482453E-005
   1.3724999999986864       0.39750000000007507       0.12500000000000000       0.86138250548984963       -3.1363259029569147E-005  -4.1043369097967215E-006
   1.3837499999986758       0.39750000000007507       0.12500000000000000       0.86135697009798451       -1.6270051434834756E-005   2.3313805233553185E-005
   1.3949999999986651       0.39750000000007507       0.12500000000000000       0.86133636394142188        4.6482860728067677E-005  -1.7552298555123505E-005
   1.4062499999986542       0.39750000000007507       0.12500000000000000       0.86138179241320667       -2.9990149088934495E-005  -4.7132976149011849E-006
   1.4174999999986435       0.39750000000007507       0.12500000000000000       0.86135759669459000       -1.7042916594777113E-005   2.3010155139550967E-005
   1.4287499999986326       0.39750000000007507       0.12500000000000000       0.86133633099837981        4.6037824379743573E-005  -1.6898737187261952E-005
   1.4399999999986219       0.39750000000007507       0.12500000000000000       0.86138110689131364       -2.8667544572670224E-005  -5.2848472573895051E-006
   1.4512499999986113       0.39750000000007507       0.12500000000000000       0.86135820949806285       -1.7805670570470492E-005   2.2729049592293734E-005
   1.4624999999986004       0.39750000000007507       0.12500000000000000       0.86133630388350579        4.5596891360808747E-005  -1.6254286512744374E-005
   1.4737499999985897       0.39750000000007507       0.12500000000000000       0.86138044608415754       -2.7389145667245100E-005  -5.8242835607830455E-006
   1.4849999999985788       0.39750000000007507       0.12500000000000000       0.86135880909836515       -1.8557126721843700E-005   2.2466788070751863E-005
   1.4962499999985681       0.39750000000007507       0.12500000000000000       0.86133628175185717        4.5161551529597698E-005  -1.5619801281826380E-005
   1.5074999999985574       0.39750000000007507       0.12500000000000000       0.86137980779691004       -2.6149714248640131E-005  -6.3357832948839324E-006
   1.5187499999985465       0.39750000000007507       0.12500000000000000       0.86135939648794180       -1.9296727843983617E-005   2.2220240487671021E-005
   1.5299999999985359       0.39750000000007507       0.12500000000000000       0.86133626405598906        4.4732691786632175E-005  -1.4996121589972145E-005
   1.5412499999985250       0.39750000000007507       0.12500000000000000       0.86137918988580731       -2.4944856967078805E-005  -6.8232743811200717E-006
   1.5524999999985143       0.39750000000007507       0.12500000000000000       0.86135997217561411       -2.0024353868149806E-005   2.1986623123604354E-005
   1.5637499999985036       0.39750000000007507       0.12500000000000000       0.86133624985129387        4.4310799763421620E-005  -1.4383598133506238E-005
   1.5749999999984927       0.39750000000007507       0.12500000000000000       0.86137859016085616       -2.3770802692691352E-005  -7.2896659758582923E-006
   1.5862499999984820       0.39750000000007507       0.12500000000000000       0.86136053677726598       -2.0740176346348610E-005   2.1764090895783440E-005
   1.5974999999984711       0.39750000000007507       0.12500000000000000       0.86133623869985132        4.3896063871615551E-005  -1.3782071177024786E-005
   1.6087499999984605       0.39750000000007507       0.12500000000000000       0.86137800708551326       -2.2624308612983458E-005  -7.7375081640413594E-006
   1.6199999999984498       0.39750000000007507       0.12500000000000000       0.86136109114386461       -2.1444608532871866E-005   2.1550761070313323E-005
   1.6312499999984389       0.39750000000007507       0.12500000000000000       0.86133623012915694        4.3488440839709912E-005  -1.3191645117099856E-005
   1.6424999999984282       0.39750000000007507       0.12500000000000000       0.86137743888236518       -2.1502539136502205E-005  -8.1692083364071512E-006
   1.6537499999984173       0.39750000000007507       0.12500000000000000       0.86136163565465151       -2.2138195759223133E-005   2.1345159956403527E-005
   1.6649999999984066       0.39750000000007507       0.12500000000000000       0.86133622348761696        4.3087762433200683E-005  -1.2611875376351911E-005
   1.6762499999983957       0.39750000000007507       0.12500000000000000       0.86137688402641188       -2.0402964577178593E-005  -8.5863922731301711E-006
   1.6874999999983851       0.39750000000007507       0.12500000000000000       0.86136217107985968       -2.2821580290437732E-005   2.1146313765876037E-005
   1.6987499999983744       0.39750000000007507       0.12500000000000000       0.86133621865198384        4.2693741862075039E-005  -1.2042300195064164E-005
   1.7099999999983635       0.39750000000007507       0.12500000000000000       0.86137634138932340       -1.9323340743251104E-005  -8.9908081169747746E-006
   1.7212499999983528       0.39750000000007507       0.12500000000000000       0.86136269810011146       -2.3495486707484731E-005   2.0952988510834716E-005
   1.7324999999983419       0.39750000000007507       0.12500000000000000       0.86133621517748915        4.2306020255027904E-005  -1.1482643248399993E-005
   1.7437499999983312       0.39750000000007507       0.12500000000000000       0.86137580950647574       -1.8261620812851403E-005  -9.3839096471048297E-006
   1.7549999999983206       0.39750000000007507       0.12500000000000000       0.86136321712374320       -2.4160654256632872E-005   2.0764479961757367E-005
   1.7662499999983097       0.39750000000007507       0.12500000000000000       0.86133621274329553        4.1924212795181426E-005  -1.0932122591478015E-005
   1.7774999999982990       0.39750000000007507       0.12500000000000000       0.86137528738633717       -1.7215927556053501E-005  -9.7667018839463062E-006
   1.7887499999982881       0.39750000000007507       0.12500000000000000       0.86136372900535041       -2.4817856611758756E-005   2.0580146399995015E-005
  0.43874999999958014       0.39750000000007507       0.12500000000000000       0.85861210283805844       -5.5029609863106819E-004   3.8010714360877897E-004
  0.44999999999956936       0.39750000000007507       0.12500000000000000       0.85866643644237461       -7.8874073163189744E-004   7.9168047434289608E-005
  0.46124999999955857       0.39750000000007507       0.12500000000000000       0.85883966478925877       -8.3866477103901728E-004   1.1785331376766704E-004
  0.47249999999954784       0.39750000000007507       0.12500000000000000       0.85875956552116384       -3.6850223777650946E-004   3.3363245706188432E-004
  0.48374999999953705       0.39750000000007507       0.12500000000000000       0.85879757529451584       -5.9411206709713757E-004   6.1082877016016107E-005
  0.49499999999952626       0.39750000000007507       0.12500000000000000       0.85895177443264903       -6.6561618189225858E-004   8.8824582574072630E-005
  0.50624999999951548       0.39750000000007507       0.12500000000000000       0.85887104937430059       -2.3589955114565085E-004   2.9366017203907087E-004
  0.51749999999950480       0.39750000000007507       0.12500000000000000       0.85889565541321666       -4.4802056228369154E-004   4.5271595067761845E-005
  0.52874999999949401       0.39750000000007507       0.12500000000000000       0.85903416610746375       -5.3547571585849487E-004   6.3968409689803480E-005
  0.53999999999948323       0.39750000000007507       0.12500000000000000       0.85895382542554988       -1.3913193007640892E-004   2.5932908074782502E-004
  0.55124999999947244       0.39750000000007507       0.12500000000000000       0.85896775322978436       -3.3769728886982761E-004   3.1769218688530230E-005
  0.56249999999946165       0.39750000000007507       0.12500000000000000       0.85909353224739093       -4.3708224767119474E-004   4.2855447986741455E-005
  0.57374999999945098       0.39750000000007507       0.12500000000000000       0.85901455308302133       -6.8718024572889515E-005   2.2990521880944943E-004
  0.58499999999944019       0.39750000000007507       0.12500000000000000       0.85902009545869384       -2.5398510714206549E-004   2.0493976000642083E-005
  0.59624999999942940       0.39750000000007507       0.12500000000000000       0.85913558448551175       -3.6236874361117194E-004   2.5070363354979794E-005
  0.60749999999941862       0.39750000000007507       0.12500000000000000       0.85905874727627085       -1.7792074789316723E-005   2.0474206342532578E-004
  0.61874999999940783       0.39750000000007507       0.12500000000000000       0.85905773622994830       -1.9019893600758121E-004   1.1285968367341670E-005
  0.62999999999939704       0.39750000000007507       0.12500000000000000       0.85916488055072560       -3.0541359486588749E-004   1.0208793287284055E-005
  0.64124999999938637       0.39750000000007507       0.12500000000000000       0.85909074013164088        1.8683896790750937E-005   1.8325877751893547E-004
  0.65249999999937558       0.39750000000007507       0.12500000000000000       0.85908459716171570       -1.4139857058868781E-004   3.9384615354133237E-006
  0.66374999999936479       0.39750000000007507       0.12500000000000000       0.85918491725553747       -2.6182433809928784E-004  -2.1151286094705965E-006
  0.67499999999935401       0.39750000000007507       0.12500000000000000       0.85911382888362486        4.4438361744331034E-005   1.6493556726084290E-004
  0.68624999999934322       0.39750000000007507       0.12500000000000000       0.85910363989759975       -1.0390328598056200E-004  -1.7741006695838535E-006
  0.69749999999933254       0.39750000000007507       0.12500000000000000       0.85919831436281180       -2.2832036368080109E-004  -1.2260475709265309E-005
  0.70874999999932176       0.39750000000007507       0.12500000000000000       0.85913047507176976        6.2244744329047828E-005   1.4930945105524595E-004
  0.71999999999931097       0.39750000000007507       0.12500000000000000       0.85911706197581594       -7.4955998362280789E-005  -6.0802400870231224E-006
  0.73124999999930018       0.39750000000007507       0.12500000000000000       0.85920700112272519       -2.0244050158068906E-004  -2.0556308589406389E-005
  0.74249999999928940       0.39750000000007507       0.12500000000000000       0.85914248928842352        7.4171977306936013E-005   1.3597119663053895E-004
  0.75374999999927872       0.39750000000007507       0.12500000000000000       0.85912647135415166       -5.2483930460240044E-005  -9.1979421010628589E-006
  0.76499999999926793       0.39750000000007507       0.12500000000000000       0.85921237974690101       -1.8233284785584600E-004  -2.7295950866620456E-005
  0.77624999999925715       0.39750000000007507       0.12500000000000000       0.85915119053029143        8.1765334895119639E-005   1.2456508407362633E-004
  0.78749999999924636       0.39750000000007507       0.12500000000000000       0.85913303501719651       -3.4925162866239370E-005  -1.1326167518706949E-005
  0.79874999999923557       0.39750000000007507       0.12500000000000000       0.85921546116947334       -1.6660151680138690E-004  -3.2736959101742036E-005
  0.80999999999922490       0.39750000000007507       0.12500000000000000       0.85915753330462230        8.6178834457840378E-005   1.1478324546716744E-004
  0.82124999999921411       0.39750000000007507       0.12500000000000000       0.85913759313342064       -2.1100919343504768E-005  -1.2643216219473762E-005
  0.83249999999920332       0.39750000000007507       0.12500000000000000       0.85921696670295578       -1.5419303862308510E-004  -3.7102956842710606E-005
  0.84374999999919253       0.39750000000007507       0.12500000000000000       0.85916220252314512        8.8273662373144574E-005   1.0636231250557985E-004
  0.85499999999918175       0.39750000000007507       0.12500000000000000       0.85914074587487221       -1.0120465464833701E-005  -1.3303476641914227E-005
  0.86624999999917096       0.39750000000007507       0.12500000000000000       0.85921740739796670       -1.4431168379246942E-004  -4.0583787824880441E-005
  0.87749999999916029       0.39750000000007507       0.12500000000000000       0.85916568848454433        8.8691373656668549E-005   9.9079693377356580E-005
  0.88874999999914950       0.39750000000007507       0.12500000000000000       0.85914292108409718       -1.3102801349842770E-006  -1.3438696806858967E-005
  0.89999999999913871       0.39750000000007507       0.12500000000000000       0.85921714342262934       -1.3635617432206196E-004  -4.3340415063141018E-005
  0.91124999999912792       0.39750000000007507       0.12500000000000000       0.85916834029957745        8.7908759335919120E-005   9.2746862543623056E-005
  0.92249999999911714       0.39750000000007507       0.12500000000000000       0.85914442088085252        5.8393497442197298E-006  -1.3160449965832438E-005
  0.93374999999910646       0.39750000000007507       0.12500000000000000       0.85921642510060248       -1.2987180327748532E-004  -4.5507616989668269E-005
  0.94499999999909567       0.39750000000007507       0.12500000000000000       0.85917040466894867        8.6279234145667758E-005   8.7206499697043297E-005
  0.95624999999908489       0.39750000000007507       0.12500000000000000       0.85914545767519424        1.1714522620775879E-005  -1.2560404396035032E-005
  0.96749999999907410       0.39750000000007507       0.12500000000000000       0.85921542590508915       -1.2451454971532021E-004  -4.7196516008878076E-005
  0.97874999999906331       0.39750000000007507       0.12500000000000000       0.85917205658435580        8.4063689438726891E-005   8.2327563837725248E-005
  0.98999999999905253       0.39750000000007507       0.12500000000000000       0.85914618075488758        1.6607852013146950E-005  -1.1714325138875061E-005
   1.0012499999990419       0.39750000000007507       0.12500000000000000       0.85921426453871264       -1.2002399835848861E-004  -4.8499616069665007E-005
   1.0124999999990310       0.39750000000007507       0.12500000000000000       0.85917341860270457        8.1453878219330531E-005   7.8000465961954932E-005
   1.0237499999990203       0.39750000000007507       0.12500000000000000       0.85914669307549563        2.0741455161862651E-005  -1.0683898441528527E-005
   1.0349999999990096       0.39750000000007507       0.12500000000000000       0.85921302029444513       -1.1620272543417311E-004  -4.9492246683135676E-005
   1.0462499999989987       0.39750000000007507       0.12500000000000000       0.85917457633860739        7.8589994989254050E-005   7.4135251949144986E-005
   1.0574999999989880       0.39750000000007507       0.12500000000000000       0.85914706608083480        2.4284138764784189E-005  -9.5180563131146288E-006
   1.0687499999989771       0.39750000000007507       0.12500000000000000       0.85921174634705666       -1.1290097621152688E-004  -5.0235688600833861E-005
   1.0799999999989665       0.39750000000007507       0.12500000000000000       0.85917559012228739        7.5573710068870133E-005   7.0657069142051877E-005
   1.0912499999989558       0.39750000000007507       0.12500000000000000       0.85914734882210242        2.7364367161848462E-005  -8.2565897646322690E-006
   1.1024999999989449       0.39750000000007507       0.12500000000000000       0.85921047659868333       -1.1000494325797707E-004  -5.0780385147742189E-005
   1.1137499999989342       0.39750000000007507       0.12500000000000000       0.85917650108627297        7.2478176447511190E-005   6.7503909137883771E-005
   1.1249999999989233       0.39750000000007507       0.12500000000000000       0.85914757385706586        3.0080220803420534E-005  -6.9305126096075558E-006
   1.1362499999989126       0.39750000000007507       0.12500000000000000       0.85920923187228693       -1.0742790744478202E-004  -5.1166390213658672E-005
   1.1474999999989020       0.39750000000007507       0.12500000000000000       0.85917733798163853        6.9355383557054271E-005   6.4625228043838220E-005
   1.1587499999988911       0.39750000000007507       0.12500000000000000       0.85914776360993939        3.2506696076520191E-005  -5.5638889691539731E-006
   1.1699999999988804       0.39750000000007507       0.12500000000000000       0.85920802491338766       -1.0510371979388918E-004  -5.1426382278634724E-005
   1.1812499999988695       0.39750000000007507       0.12500000000000000       0.85917812077825662        6.6241638759220218E-005   6.1978543708257421E-005
   1.1924999999988588       0.39750000000007507       0.12500000000000000       0.85914793250675825        3.4701349243184731E-005  -4.1759694138562752E-006
   1.2037499999988481       0.39750000000007507       0.12500000000000000       0.85920686178253036       -1.0298167716075758E-004  -5.1586829450759206E-005
   1.2149999999988372       0.39750000000007507       0.12500000000000000       0.85917886253508746        6.3161823185142719E-005   5.9529088245032828E-005
   1.2262499999988266       0.39750000000007507       0.12500000000000000       0.85914808960002298        3.6708581527849416E-005  -2.7807930379866851E-006
   1.2374999999988157       0.39750000000007507       0.12500000000000000       0.85920574505960245       -1.0102278220832639E-004  -5.1668323754033728E-005
   1.2487499999988050       0.39750000000007507       0.12500000000000000       0.85917957278251511        6.0132364864709348E-005   5.7248276063954843E-005
   1.2599999999987941       0.39750000000007507       0.12500000000000000       0.85914824111666455        3.8562712816820809E-005  -1.3892334835305571E-006
   1.2712499999987834       0.39750000000007507       0.12500000000000000       0.85920467504687126       -9.9196954016038115E-005  -5.1687987993962442E-005
   1.2824999999987727       0.39750000000007507       0.12500000000000000       0.85918025775074236        5.7163563312737386E-005   5.5111760667588516E-005
   1.2937499999987618       0.39750000000007507       0.12500000000000000       0.85914839021712652        4.0290494026384656E-005  -9.5480763290896492E-009
   1.3049999999987512       0.39750000000007507       0.12500000000000000       0.85920364984501718       -9.7480766499855308E-005  -5.1659187758087304E-005
   1.3162499999987403       0.39750000000007507       0.12500000000000000       0.85918092145750713        5.4261349571534149E-005   5.3099922328861548E-005
   1.3274999999987296       0.39750000000007507       0.12500000000000000       0.85914853886429210        4.1912898199538754E-005   1.3528936633900051E-006
   1.3387499999987189       0.39750000000007507       0.12500000000000000       0.85920266736021844       -9.5855927537060609E-005  -5.1592327770174741E-005
   1.3499999999987080       0.39750000000007507       0.12500000000000000       0.85918156723972883        5.1428432165014511E-005   5.1196099048598834E-005
   1.3612499999986973       0.39750000000007507       0.12500000000000000       0.85914868827283197        4.3446433767629749E-005   2.6937930845886179E-006
   1.3724999999986864       0.39750000000007507       0.12500000000000000       0.85920172472569301       -9.4308033892927695E-005  -5.1496256019454710E-005
   1.3837499999986758       0.39750000000007507       0.12500000000000000       0.85918219687963182        4.8665317629677215E-005   4.9386083506099779E-005
   1.3949999999986651       0.39750000000007507       0.12500000000000000       0.85914883840395129        4.4904292554500057E-005   4.0105210112069234E-006
   1.4062499999986542       0.39750000000007507       0.12500000000000000       0.85920081864363052       -9.2825587332685382E-005  -5.1377399662324848E-005
   1.4174999999986435       0.39750000000007507       0.12500000000000000       0.85918281186573953        4.5970971417287662E-005   4.7658504144135438E-005
   1.4287499999986326       0.39750000000007507       0.12500000000000000       0.85914898950340091        4.6297047041512254E-005   5.3017541382529987E-006
   1.4399999999986219       0.39750000000007507       0.12500000000000000       0.85919994644347664       -9.1399404934193825E-005  -5.1241050261771571E-005
   1.4512499999986113       0.39750000000007507       0.12500000000000000       0.85918341357625505        4.3343251968492886E-005   4.6003162212405990E-005
   1.4624999999986004       0.39750000000007507       0.12500000000000000       0.85914914136316889        4.7633261856075075E-005   6.5663582118180327E-006
   1.4737499999985897       0.39750000000007507       0.12500000000000000       0.85919910493561691       -9.0022007999930484E-005  -5.1091630253466687E-005
   1.4849999999985788       0.39750000000007507       0.12500000000000000       0.85918400253437155        4.0779376111919031E-005   4.4411591990336043E-005
   1.4962499999985681       0.39750000000007507       0.12500000000000000       0.85914929341544066        4.8920010006279489E-005   7.8044263549424367E-006
   1.5074999999985574       0.39750000000007507       0.12500000000000000       0.85919829132679582       -8.8687235631040910E-005  -5.0932047794238612E-005
   1.5187499999985465       0.39750000000007507       0.12500000000000000       0.85918457972101547        3.8276098706746740E-005   4.2876815291594423E-005
   1.5299999999985359       0.39750000000007507       0.12500000000000000       0.85914944568411256        5.0163114421290999E-005   9.0162881574515013E-006
   1.5412499999985250       0.39750000000007507       0.12500000000000000       0.85919750329620437       -8.7390007551194968E-005  -5.0765082658720064E-005
   1.5524999999985143       0.39750000000007507       0.12500000000000000       0.85918514582424277        3.5829907092110042E-005   4.1392250521546053E-005
   1.5637499999985036       0.39750000000007507       0.12500000000000000       0.85914959763233212        5.1367486577915192E-005   1.0202337031638891E-005
   1.5749999999984927       0.39750000000007507       0.12500000000000000       0.85919673811695374       -8.6125994242620016E-005  -5.0592740081935161E-005
   1.5862499999984820       0.39750000000007507       0.12500000000000000       0.85918570119617532        3.3437218062595391E-005   3.9952711776683728E-005
   1.5974999999984711       0.39750000000007507       0.12500000000000000       0.85914974894937779        5.2537321375969025E-005   1.1363815517393475E-005
   1.6087499999984605       0.39750000000007507       0.12500000000000000       0.85919599381620926       -8.4891514764292171E-005  -5.0416283257084746E-005
   1.6199999999984498       0.39750000000007507       0.12500000000000000       0.85918624676591571        3.1094370357188938E-005   3.8553515884840402E-005
   1.6312499999984389       0.39750000000007507       0.12500000000000000       0.85914989967228383        5.3676183667278291E-005   1.2501595748007622E-005
   1.6424999999984282       0.39750000000007507       0.12500000000000000       0.85919526844129701       -8.3683400687675481E-005  -5.0237209345426445E-005
   1.6537499999984173       0.39750000000007507       0.12500000000000000       0.85918678291625783        2.8797755300261051E-005   3.7190249759727143E-005
   1.6649999999984066       0.39750000000007507       0.12500000000000000       0.85915004929499239        5.4787222778236779E-005   1.3616832852967716E-005
   1.6762499999983957       0.39750000000007507       0.12500000000000000       0.85919455990307536       -8.2498825419925141E-005  -5.0056203350983862E-005
   1.6874999999983851       0.39750000000007507       0.12500000000000000       0.85918731017366756        2.6543857566819094E-005   3.5859560905741711E-005
   1.6987499999983744       0.39750000000007507       0.12500000000000000       0.85915019787688662        5.5873198041839247E-005   1.4711068589138318E-005
   1.7099999999983635       0.39750000000007507       0.12500000000000000       0.85919386685659027       -8.1335319354341318E-005  -4.9873867663133685E-005
   1.7212499999983528       0.39750000000007507       0.12500000000000000       0.85918782938314253        2.4329210862795937E-005   3.4557983388625002E-005
   1.7324999999983419       0.39750000000007507       0.12500000000000000       0.85915034539420709        5.6936546057987420E-005   1.5785309624639338E-005
   1.7437499999983312       0.39750000000007507       0.12500000000000000       0.85919318759944918       -8.0190645704476761E-005  -4.9690944774020716E-005
   1.7549999999983206       0.39750000000007507       0.12500000000000000       0.85918834080891371        2.2150504023230809E-005   3.3282505983267720E-005
   1.7662499999983097       0.39750000000007507       0.12500000000000000       0.85915049153428202        5.7979506010851216E-005   1.6841075351765250E-005
   1.7774999999982990       0.39750000000007507       0.12500000000000000       0.85919252066330876       -7.9062745641537036E-005  -4.9507461486563711E-005
   1.7887499999982881       0.39750000000007507       0.12500000000000000       0.85918884519525052        2.0004527033178767E-005   3.2030723105437883E-005
