40
0.0 0.0261799387799 0.0
0.0 0.0370163236961 0.0
0.0 0.0478527086124 0.0
0.0 0.0586890935286 0.0
0.0 0.0695254784448 0.0
0.0 0.0803618633611 0.0
0.0 0.0911982482773 0.0
0.0 0.102034633194 0.0
0.0 0.11287101811 0.0
0.0 0.123707403026 0.0
0.0 0.134543787942 0.0
0.0 0.145380172858 0.0
0.0 0.156216557775 0.0
0.0 0.167052942691 0.0
0.0 0.177889327607 0.0
0.0 0.188725712523 0.0
0.0 0.19956209744 0.0
0.0 0.210398482356 0.0
0.0 0.221234867272 0.0
0.0 0.232071252188 0.0
0.0 0.242907637104 0.0
0.0 0.253744022021 0.0
0.0 0.264580406937 0.0
0.0 0.275416791853 0.0
0.0 0.286253176769 0.0
0.0 0.297089561686 0.0
0.0 0.307925946602 0.0
0.0 0.318762331518 0.0
0.0 0.329598716434 0.0
0.0 0.340435101351 0.0
0.0 0.351271486267 0.0
0.0 0.362107871183 0.0
0.0 0.372944256099 0.0
0.0 0.383780641015 0.0
0.0 0.394617025932 0.0
0.0 0.405453410848 0.0
0.0 0.416289795764 0.0
0.0 0.42712618068 0.0
0.0 0.437962565597 0.0
0.0 0.448798950513 0.0
40
0.0 -0.01308996939 -0.0226724920529
0.0 -0.0185081618481 -0.0320570766756
0.0 -0.0239263543062 -0.0414416612982
0.0 -0.0293445467643 -0.0508262459208
0.0 -0.0347627392224 -0.0602108305435
0.0 -0.0401809316805 -0.0695954151661
0.0 -0.0455991241386 -0.0789799997888
0.0 -0.0510173165968 -0.0883645844114
0.0 -0.0564355090549 -0.0977491690341
0.0 -0.061853701513 -0.107133753657
0.0 -0.0672718939711 -0.116518338279
0.0 -0.0726900864292 -0.125902922902
0.0 -0.0781082788873 -0.135287507525
0.0 -0.0835264713454 -0.144672092147
0.0 -0.0889446638036 -0.15405667677
0.0 -0.0943628562617 -0.163441261393
0.0 -0.0997810487198 -0.172825846015
0.0 -0.105199241178 -0.182210430638
0.0 -0.110617433636 -0.19159501526
0.0 -0.116035626094 -0.200979599883
0.0 -0.121453818552 -0.210364184506
0.0 -0.12687201101 -0.219748769128
0.0 -0.132290203468 -0.229133353751
0.0 -0.137708395927 -0.238517938374
0.0 -0.143126588385 -0.247902522996
0.0 -0.148544780843 -0.257287107619
0.0 -0.153962973301 -0.266671692242
0.0 -0.159381165759 -0.276056276864
0.0 -0.164799358217 -0.285440861487
0.0 -0.170217550675 -0.294825446109
0.0 -0.175635743133 -0.304210030732
0.0 -0.181053935591 -0.313594615355
0.0 -0.18647212805 -0.322979199977
0.0 -0.191890320508 -0.3323637846
0.0 -0.197308512966 -0.341748369223
0.0 -0.202726705424 -0.351132953845
0.0 -0.208144897882 -0.360517538468
0.0 -0.21356309034 -0.369902123091
0.0 -0.218981282798 -0.379286707713
0.0 -0.224399475256 -0.388671292336
40
0.0 -0.01308996939 0.0226724920529
0.0 -0.0185081618481 0.0320570766756
0.0 -0.0239263543062 0.0414416612982
0.0 -0.0293445467643 0.0508262459208
0.0 -0.0347627392224 0.0602108305435
0.0 -0.0401809316805 0.0695954151661
0.0 -0.0455991241386 0.0789799997888
0.0 -0.0510173165968 0.0883645844114
0.0 -0.0564355090549 0.0977491690341
0.0 -0.061853701513 0.107133753657
0.0 -0.0672718939711 0.116518338279
0.0 -0.0726900864292 0.125902922902
0.0 -0.0781082788873 0.135287507525
0.0 -0.0835264713454 0.144672092147
0.0 -0.0889446638036 0.15405667677
0.0 -0.0943628562617 0.163441261393
0.0 -0.0997810487198 0.172825846015
0.0 -0.105199241178 0.182210430638
0.0 -0.110617433636 0.19159501526
0.0 -0.116035626094 0.200979599883
0.0 -0.121453818552 0.210364184506
0.0 -0.12687201101 0.219748769128
0.0 -0.132290203468 0.229133353751
0.0 -0.137708395927 0.238517938374
0.0 -0.143126588385 0.247902522996
0.0 -0.148544780843 0.257287107619
0.0 -0.153962973301 0.266671692242
0.0 -0.159381165759 0.276056276864
0.0 -0.164799358217 0.285440861487
0.0 -0.170217550675 0.294825446109
0.0 -0.175635743133 0.304210030732
0.0 -0.181053935591 0.313594615355
0.0 -0.18647212805 0.322979199977
0.0 -0.191890320508 0.3323637846
0.0 -0.197308512966 0.341748369223
0.0 -0.202726705424 0.351132953845
0.0 -0.208144897882 0.360517538468
0.0 -0.21356309034 0.369902123091
0.0 -0.218981282798 0.379286707713
0.0 -0.224399475256 0.388671292336
