variables=k,zz, dz, ratio
    0.57000000000000E+02    0.10000000000000E+01    0.16170820792483E-01    0.00000000000000E+00
    0.56000000000000E+02    0.98382917920752E+00    0.16170820792483E-01    0.99999999999999E+00
    0.55000000000000E+02    0.95148753762255E+00    0.32341641584966E-01    0.50000000000000E+00
    0.54000000000000E+02    0.91914589603759E+00    0.32341641584966E-01    0.10000000000000E+01
    0.53000000000000E+02    0.88680425445262E+00    0.32341641584966E-01    0.10000000000000E+01
    0.52000000000000E+02    0.85796264054521E+00    0.28841613907409E-01    0.11213533919701E+01
    0.51000000000000E+02    0.83224227967241E+00    0.25720360872799E-01    0.11213533919701E+01
    0.50000000000000E+02    0.80930538836145E+00    0.22936891310963E-01    0.11213533919701E+01
    0.49000000000000E+02    0.78885073822599E+00    0.20454650135462E-01    0.11213533919701E+01
    0.48000000000000E+02    0.77060969995747E+00    0.18241038268520E-01    0.11213533919701E+01
    0.47000000000000E+02    0.75434271543756E+00    0.16266984519904E-01    0.11213533919701E+01
    0.46000000000000E+02    0.73983615164029E+00    0.14506563797274E-01    0.11213533919701E+01
    0.45000000000000E+02    0.72689949500630E+00    0.12936656633986E-01    0.11213533919701E+01
    0.44000000000000E+02    0.71018916178777E+00    0.16710333218536E-01    0.77417107515466E+00
    0.43000000000000E+02    0.69347882856923E+00    0.16710333218536E-01    0.10000000000000E+01
    0.42000000000000E+02    0.67676849535070E+00    0.16710333218536E-01    0.10000000000000E+01
    0.41000000000000E+02    0.66005816213216E+00    0.16710333218536E-01    0.10000000000000E+01
    0.40000000000000E+02    0.64334782891362E+00    0.16710333218536E-01    0.10000000000000E+01
    0.39000000000000E+02    0.62663749569509E+00    0.16710333218536E-01    0.10000000000000E+01
    0.38000000000000E+02    0.60992716247655E+00    0.16710333218536E-01    0.10000000000000E+01
    0.37000000000000E+02    0.59321682925802E+00    0.16710333218536E-01    0.10000000000000E+01
    0.36000000000000E+02    0.57650649603948E+00    0.16710333218536E-01    0.99999999999999E+00
    0.35000000000000E+02    0.55979616282095E+00    0.16710333218536E-01    0.10000000000000E+01
    0.34000000000000E+02    0.54308582960241E+00    0.16710333218536E-01    0.99999999999999E+00
    0.33000000000000E+02    0.52637549638388E+00    0.16710333218536E-01    0.10000000000000E+01
    0.32000000000000E+02    0.50966516316534E+00    0.16710333218536E-01    0.10000000000000E+01
    0.31000000000000E+02    0.49295482994680E+00    0.16710333218536E-01    0.99999999999999E+00
    0.30000000000000E+02    0.47624449672827E+00    0.16710333218536E-01    0.10000000000000E+01
    0.29000000000000E+02    0.45953416350973E+00    0.16710333218536E-01    0.10000000000000E+01
    0.28000000000000E+02    0.44282383029120E+00    0.16710333218536E-01    0.10000000000000E+01
    0.27000000000000E+02    0.42611349707266E+00    0.16710333218536E-01    0.10000000000000E+01
    0.26000000000000E+02    0.40940316385412E+00    0.16710333218536E-01    0.10000000000000E+01
    0.25000000000000E+02    0.39269283063559E+00    0.16710333218536E-01    0.10000000000000E+01
    0.24000000000000E+02    0.37598249741705E+00    0.16710333218536E-01    0.10000000000000E+01
    0.23000000000000E+02    0.35927216419852E+00    0.16710333218536E-01    0.10000000000000E+01
    0.22000000000000E+02    0.34256183097998E+00    0.16710333218536E-01    0.10000000000000E+01
    0.21000000000000E+02    0.32585149776145E+00    0.16710333218536E-01    0.10000000000000E+01
    0.20000000000000E+02    0.30914116454291E+00    0.16710333218536E-01    0.10000000000000E+01
    0.19000000000000E+02    0.29243083132437E+00    0.16710333218536E-01    0.10000000000000E+01
    0.18000000000000E+02    0.27572049810584E+00    0.16710333218536E-01    0.10000000000000E+01
    0.17000000000000E+02    0.25901016488730E+00    0.16710333218536E-01    0.10000000000000E+01
    0.16000000000000E+02    0.24229983166877E+00    0.16710333218536E-01    0.10000000000000E+01
    0.15000000000000E+02    0.22558949845023E+00    0.16710333218536E-01    0.10000000000000E+01
    0.14000000000000E+02    0.20887916523170E+00    0.16710333218536E-01    0.10000000000000E+01
    0.13000000000000E+02    0.19216883201316E+00    0.16710333218536E-01    0.10000000000000E+01
    0.12000000000000E+02    0.17545849879462E+00    0.16710333218536E-01    0.10000000000000E+01
    0.11000000000000E+02    0.15874816557609E+00    0.16710333218536E-01    0.10000000000000E+01
    0.10000000000000E+02    0.14203783235755E+00    0.16710333218536E-01    0.10000000000000E+01
    0.90000000000000E+01    0.12532749913902E+00    0.16710333218536E-01    0.10000000000000E+01
    0.80000000000000E+01    0.10861716592048E+00    0.16710333218536E-01    0.10000000000000E+01
    0.70000000000000E+01    0.91906832701946E-01    0.16710333218536E-01    0.10000000000000E+01
    0.60000000000000E+01    0.75196499483411E-01    0.16710333218536E-01    0.10000000000000E+01
    0.50000000000000E+01    0.58486166264875E-01    0.16710333218536E-01    0.10000000000000E+01
    0.40000000000000E+01    0.41775833046339E-01    0.16710333218536E-01    0.10000000000000E+01
    0.30000000000000E+01    0.25065499827804E-01    0.16710333218536E-01    0.10000000000000E+01
    0.20000000000000E+01    0.83551666092679E-02    0.16710333218536E-01    0.10000000000000E+01
    0.10000000000000E+01    0.00000000000000E+00    0.83551666092679E-02    0.20000000000000E+01
