             12197501
             24395002
             36592503
             48790005
             60987506
             73185007
             85382509
             97580010
            109777511
            121975013
            134172514
            146370015
            158567517
            170765018
            182962519
            195160021
            207357522
            219555023
            231752525
            243950026
            256147527
            268345029
            280542530
            292740031
            304937533
            317135034
            329332535
            341530037
            353727538
            365925039
            378122541
            390320042
            402517543
            414715045
            426912546
            439110047
            451307549
            463505050
            475702551
            487900053
            500097554
            512295055
            524492557
            536690058
            548887559
            561085061
            573282562
            585480063
            597677565
            609875066
