40
0.0 3.00303699429 0.0
0.0 3.95167707136 0.0
0.0 4.90031714843 0.0
0.0 5.8489572255 0.0
0.0 6.79759730257 0.0
0.0 7.74623737964 0.0
0.0 8.69487745671 0.0
0.0 9.64351753378 0.0
0.0 10.5921576108 0.0
0.0 11.5407976879 0.0
0.0 12.489437765 0.0
0.0 13.4380778421 0.0
0.0 14.3867179191 0.0
0.0 15.3353579962 0.0
0.0 16.2839980733 0.0
0.0 17.2326381503 0.0
0.0 18.1812782274 0.0
0.0 19.1299183045 0.0
0.0 20.0785583815 0.0
0.0 21.0271984586 0.0
0.0 21.9758385357 0.0
0.0 22.9244786127 0.0
0.0 23.8731186898 0.0
0.0 24.8217587669 0.0
0.0 25.770398844 0.0
0.0 26.719038921 0.0
0.0 27.6676789981 0.0
0.0 28.6163190752 0.0
0.0 29.5649591522 0.0
0.0 30.5135992293 0.0
0.0 31.4622393064 0.0
0.0 32.4108793834 0.0
0.0 33.3595194605 0.0
0.0 34.3081595376 0.0
0.0 35.2567996147 0.0
0.0 36.2054396917 0.0
0.0 37.1540797688 0.0
0.0 38.1027198459 0.0
0.0 39.0513599229 0.0
0.0 40.0 0.0
40
0.0 -1.50151849714 -2.60070632556
0.0 -1.97583853568 -3.42225273135
0.0 -2.45015857421 -4.24379913714
0.0 -2.92447861275 -5.06534554293
0.0 -3.39879865128 -5.88689194872
0.0 -3.87311868982 -6.70843835451
0.0 -4.34743872835 -7.5299847603
0.0 -4.82175876689 -8.35153116609
0.0 -5.29607880542 -9.17307757188
0.0 -5.77039884396 -9.99462397767
0.0 -6.24471888249 -10.8161703835
0.0 -6.71903892103 -11.6377167893
0.0 -7.19335895956 -12.459263195
0.0 -7.6676789981 -13.2808096008
0.0 -8.14199903663 -14.1023560066
0.0 -8.61631907517 -14.9239024124
0.0 -9.0906391137 -15.7454488182
0.0 -9.56495915224 -16.566995224
0.0 -10.0392791908 -17.3885416298
0.0 -10.5135992293 -18.2100880356
0.0 -10.9879192678 -19.0316344414
0.0 -11.4622393064 -19.8531808472
0.0 -11.9365593449 -20.6747272529
0.0 -12.4108793834 -21.4962736587
0.0 -12.885199422 -22.3178200645
0.0 -13.3595194605 -23.1393664703
0.0 -13.833839499 -23.9609128761
0.0 -14.3081595376 -24.7824592819
0.0 -14.7824795761 -25.6040056877
0.0 -15.2567996147 -26.4255520935
0.0 -15.7311196532 -27.2470984993
0.0 -16.2054396917 -28.0686449051
0.0 -16.6797597303 -28.8901913108
0.0 -17.1540797688 -29.7117377166
0.0 -17.6283998073 -30.5332841224
0.0 -18.1027198459 -31.3548305282
0.0 -18.5770398844 -32.176376934
0.0 -19.0513599229 -32.9979233398
0.0 -19.5256799615 -33.8194697456
0.0 -20.0 -34.6410161514
40
0.0 -1.50151849714 2.60070632556
0.0 -1.97583853568 3.42225273135
0.0 -2.45015857421 4.24379913714
0.0 -2.92447861275 5.06534554293
0.0 -3.39879865128 5.88689194872
0.0 -3.87311868982 6.70843835451
0.0 -4.34743872835 7.5299847603
0.0 -4.82175876689 8.35153116609
0.0 -5.29607880542 9.17307757188
0.0 -5.77039884396 9.99462397767
0.0 -6.24471888249 10.8161703835
0.0 -6.71903892103 11.6377167893
0.0 -7.19335895956 12.459263195
0.0 -7.6676789981 13.2808096008
0.0 -8.14199903663 14.1023560066
0.0 -8.61631907517 14.9239024124
0.0 -9.0906391137 15.7454488182
0.0 -9.56495915224 16.566995224
0.0 -10.0392791908 17.3885416298
0.0 -10.5135992293 18.2100880356
0.0 -10.9879192678 19.0316344414
0.0 -11.4622393064 19.8531808472
0.0 -11.9365593449 20.6747272529
0.0 -12.4108793834 21.4962736587
0.0 -12.885199422 22.3178200645
0.0 -13.3595194605 23.1393664703
0.0 -13.833839499 23.9609128761
0.0 -14.3081595376 24.7824592819
0.0 -14.7824795761 25.6040056877
0.0 -15.2567996147 26.4255520935
0.0 -15.7311196532 27.2470984993
0.0 -16.2054396917 28.0686449051
0.0 -16.6797597303 28.8901913108
0.0 -17.1540797688 29.7117377166
0.0 -17.6283998073 30.5332841224
0.0 -18.1027198459 31.3548305282
0.0 -18.5770398844 32.176376934
0.0 -19.0513599229 32.9979233398
0.0 -19.5256799615 33.8194697456
0.0 -20.0 34.6410161514
