# Turbine type: recompiled Vestas V80 for Horns Rev 1
# Airfoil type:
39
3.003003 18.969800 2.408526
3.603604 18.188280 2.676001
4.144144 17.442270 2.900627
4.744744 16.696270 3.087594
5.405404 15.950270 3.271250
6.006008 15.204260 3.403197
6.606608 14.493780 3.482603
7.267268 13.747780 3.551450
7.927928 13.037300 3.587922
8.648648 12.291300 3.587922
9.369368 11.580820 3.571344
10.150152 10.834810 3.533591
10.930932 10.124330 3.473828
11.711712 9.449378 3.393888
12.552552 8.738899 3.301280
13.393392 8.063943 3.194425
14.234236 7.388988 3.079655
15.195196 6.714032 2.948490
16.096096 6.110124 2.824600
16.996996 5.541741 2.694716
18.018020 4.937833 2.548997
19.099100 4.333925 2.406495
20.060060 3.836590 2.280221
21.201200 3.268206 2.138544
22.342344 2.806394 2.003553
23.543544 2.344583 1.876456
24.744744 1.918295 1.760736
26.006008 1.527531 1.646641
27.267268 1.207815 1.551890
28.528528 0.923623 1.461030
29.909908 0.639432 1.371225
31.231232 0.426288 1.293073
32.672672 0.284192 1.200280
33.993992 0.142096 1.105549
35.375376 0.071048 0.972521
36.756756 0.035524 0.788632
38.198200 0.000000 0.515808
39.579580 0.035524 0.127050
40.000000 0.000000 0.000000
