Turbine type: Clipper 2.5 MW
Airfoil type: Circular
7
0.0 9.5 0.0224399475256
0.0261799387799 9.5 0.0224399475256
0.035763666369 9.5 0.0222996978536
0.0462823917716 9.5 0.0211216006085
0.064982348043 9.5 0.0218602488812
0.0836823043144 9.5 0.0218695988594
0.100979763865 9.5 0.0266287377304
Turbine type: Clipper 2.5 MW
Airfoil type: DU 97-W-300
11
0.100979763865 9.5 0.0266287377304
0.122718463031 9.5 0.0346697189271
0.131413942697 8.3 0.0343331197142
0.144457162196 7.3 0.0319582252678
0.155331186768 6.4 0.0298825301216
0.166195861362 5.6 0.0280686343633
0.177069885934 4.9 0.0264884880584
0.187934560527 4.3 0.0251233912506
0.198808585099 3.8 0.0239452940055
0.209673259693 3.3 0.0229261463887
0.220547284265 2.9 0.0220472484439
Turbine type: Clipper 2.5 MW
Airfoil type: DU 91-W2-250
11
0.220547284265 2.9 0.0220472484439
0.231411958858 2.6 0.0212805502368
0.24228598343 2.3 0.0205980018329
0.253150658024 2.1 0.0199902532541
0.264024682595 1.8 0.019429254566
0.274889357189 1.6 0.0188682558778
0.285763381761 1.4 0.0183072571897
0.296628056355 1.2 0.0177462585015
0.307502080926 0.9 0.0171852598134
0.31836675552 0.7 0.0166242611252
0.329240780092 0.5 0.0160632624371
Turbine type: Clipper 2.5 MW
Airfoil type: DU 93-W-210
9
0.329240780092 0.5 0.0160632624371
0.340105454686 0.2 0.015502263749
0.350979479257 0.0 0.0149412650608
0.361844153851 -0.2 0.0143802663727
0.372718178423 -0.5 0.0138192676845
0.383582853016 -0.7 0.0132582689964
0.394456877588 -0.9 0.0126972703083
0.405321552182 -1.2 0.0121362716201
0.416195576754 -1.6 0.011575272932
Turbine type: Clipper 2.5 MW
Airfoil type: DU 96-W-180
4
0.416195576754 -1.6 0.011575272932
0.427060251347 -1.6 0.0110142742438
0.440103470847 -1.9 0.0103410758181
0.448798950513 -1.9 0.0103410758181
